---------------------------------------------------------------------
F:\MICROTOP\Villa-13\28FebINV\28FebVil.csv
Background Villarrica-13
---------------------------------------------------------------------
 1  0.1370   0.1520   0.1050   0.1160   0.2040
 2  0.1350   0.1490   0.1010   0.1140   0.2020
 3  0.1300   0.1460   0.0990   0.1160   0.2030
 4  0.1310   0.1480   0.1020   0.1200   0.2080
 5  0.1520   0.1710   0.1210   0.1420   0.2310
 6  0.1410   0.1710   0.1220   0.1560   0.2410
 7  0.1460   0.1770   0.1260   0.1610   0.2450
 8  0.1470   0.1830   0.1320   0.1700   0.2550
 9  0.1730   0.2070   0.1460   0.1860   0.2730
10  0.1290   0.1510   0.1090   0.1240   0.2130
11  0.1370   0.1610   0.1120   0.1370   0.2240
12  0.1440   0.1690   0.1170   0.1450   0.2320
---------------------------------------------------------------------
Ch  WVL     MEAN    STD     
            bgnd    bgnd    
 1  0.3800  0.1418  0.0122  
 2  0.4400  0.1654  0.0181  
 3  0.6750  0.1160  0.0142  
 4  0.8700  0.1406  0.0238  
 5  1.0200  0.2276  0.0229  
---------------------------------------------------------------------
Simultaneous equations :
 +1.7845   -2.3011   +4.4576
 -2.3011   +5.0000   -9.3487
     DET:         +3.6276E+00     +7.7572E-01     -6.4257E+00
SOLUTION:   alfa= +0.2138   beta= -1.7713
---------------------------------------------------------------------
Simultateous equations :
+3.5957E-02  +2.8255E-01  -1.0791E-04
-4.8064E-02  -7.0780E-01  -3.0548E-03
     DET:         -1.1870E-02     +9.3952E-04     -1.1503E-04  
SOLUTION: d.alfa= -0.2138 d.beta= +0.1701
---------------------------------------------------------------------
          Angstrom coefficients: alfa= -0.2138 beta= +0.1701
Corrected Angstrom coefficients: alfa= -0.2930 beta= +0.1798
---------------------------------------------------------------------
  T mean =  2.867
  P mean =  723.0
SZA mean = 31.893
AMF mean =  1.177
PWV mean =  0.000
---------------------------------------------------------------------
 5 7 1.4500 0.0000 0.0800 4.0000
 0.3800 0.4400 0.6750 0.8700 1.0200

 1.71 0 0
  0, 02/28/13 16:44:25, 16:44:25, -39.421000,  -71.941000, 2830
Background Villarrica-13
 0.1418 0.1654 0.1160 0.1406 0.2276
 0.0122 0.0181 0.0142 0.0238 0.0229
---------------------------------------------------------------------
F:\MICROTOP\Villa-13\28FebINV\28FebVil.csv
Group 2
---------------------------------------------------------------------
 1  0.1400   0.1710   0.1230   0.1550   0.2440
 2  0.2100   0.1990   0.1210   0.1170   0.2060
 3  0.1890   0.1840   0.1100   0.1110   0.2010
 4  0.2100   0.1990   0.1160   0.1150   0.2020
 5  0.1800   0.1790   0.1090   0.1130   0.2010
 6  0.1630   0.1680   0.1080   0.1160   0.2070
 7  0.2610   0.2390   0.1370   0.1410   0.2320
 8  0.2070   0.2030   0.1330   0.1410   0.2330
 9  0.2250   0.2260   0.1420   0.1490   0.2380
10  0.4800   0.4230   0.2300   0.2080   0.2880
---------------------------------------------------------------------
Ch  WVL     MEAN    STD     MEAN    STD     MEAN    STD
            bgnd    bgnd    meas    meas    aeros   aeors
 1  0.3800  0.0000  0.0000  0.2265  0.0951  0.2265  0.0951  
 2  0.4400  0.0000  0.0000  0.2191  0.0752  0.2191  0.0752  
 3  0.6750  0.0000  0.0000  0.1329  0.0362  0.1329  0.0362  
 4  0.8700  0.0000  0.0000  0.1366  0.0300  0.1366  0.0300  
 5  1.0200  0.0000  0.0000  0.2252  0.0278  0.2252  0.0278  
---------------------------------------------------------------------
Simultaneous equations :
 +1.8205   -2.3011   +3.7242
 -2.3011   +5.0000   -8.5029
     DET:         +3.8074E+00     -9.4446E-01     -6.9093E+00
SOLUTION:   alfa= -0.2481   beta= -1.8147
---------------------------------------------------------------------
Simultateous equations :
+7.2557E-02  +5.5458E-01  +2.8309E-03
-9.0330E-02  -1.0418E+00  -4.3581E-03
     DET:         -2.5494E-02     -5.3233E-04     -6.0491E-05  
SOLUTION: d.alfa= +0.2481 d.beta= +0.1629
---------------------------------------------------------------------
          Angstrom coefficients: alfa= +0.2481 beta= +0.1629
Corrected Angstrom coefficients: alfa= +0.2689 beta= +0.1653
---------------------------------------------------------------------
  T mean =  2.200
  P mean =  723.0
SZA mean = 31.800
AMF mean =  1.176
PWV mean =  0.000
---------------------------------------------------------------------
 5 7 1.4500 0.0000 0.0800 4.0000
 0.3800 0.4400 0.6750 0.8700 1.0200

 2.27 0 0
  1, 02/28/13 16:48:31, 16:48:31, -39.421000,  -71.941000, 2830
Group 2
 0.2265 0.2191 0.1329 0.1366 0.2252
 0.0951 0.0752 0.0362 0.0300 0.0278
---------------------------------------------------------------------
F:\MICROTOP\Villa-13\28FebINV\28FebVil.csv
Group 3
---------------------------------------------------------------------
 1  0.2740   0.2840   0.2340   0.2320   0.3250
 2  0.6140   0.5760   0.4120   0.3500   0.4240
 3  1.8420   1.6910   1.1270   0.8570   0.8310
 4  1.6800   1.5940   1.0500   0.7610   0.7280
 5  0.3320   0.3250   0.2490   0.2460   0.3480
 6  1.0940   1.0250   0.6790   0.5490   0.5780
 7  0.8030   0.7640   0.4770   0.3970   0.4380
---------------------------------------------------------------------
Ch  WVL     MEAN    STD     MEAN    STD     MEAN    STD
            bgnd    bgnd    meas    meas    aeros   aeors
 1  0.3800  0.0000  0.0000  0.9484  0.6222  0.9484  0.6222  
 2  0.4400  0.0000  0.0000  0.8941  0.5710  0.8941  0.5710  
 3  0.6750  0.0000  0.0000  0.6040  0.3638  0.6040  0.3638  
 4  0.8700  0.0000  0.0000  0.4846  0.2469  0.4846  0.2469  
 5  1.0200  0.0000  0.0000  0.5246  0.1944  0.5246  0.1944  
---------------------------------------------------------------------
Simultaneous equations :
 +1.8571   -2.3011   +0.4294
 -2.3011   +5.0000   -2.0387
     DET:         +3.9904E+00     -2.5443E+00     -2.7979E+00
SOLUTION:   alfa= -0.6376   beta= -0.7012
---------------------------------------------------------------------
Simultateous equations :
+1.3320E+00  +3.2031E+00  +5.2120E-02
-1.5888E+00  -5.0114E+00  -3.9213E-02
     DET:         -1.5861E+00     -1.3559E-01     +3.0574E-02  
SOLUTION: d.alfa= +0.6376 d.beta= +0.4960
---------------------------------------------------------------------
          Angstrom coefficients: alfa= +0.6376 beta= +0.4960
Corrected Angstrom coefficients: alfa= +0.7231 beta= +0.4767
---------------------------------------------------------------------
  T mean =  1.529
  P mean =  723.0
SZA mean = 31.710
AMF mean =  1.175
PWV mean =  0.000
---------------------------------------------------------------------
 5 7 1.4500 0.0000 0.0800 4.0000
 0.3800 0.4400 0.6750 0.8700 1.0200

 2.72 0 0
  2, 02/28/13 16:55:23, 16:55:23, -39.421000,  -71.941000, 2830
Group 3
 0.9484 0.8941 0.6040 0.4846 0.5246
 0.6222 0.5710 0.3638 0.2469 0.1944
