REC#0090
FIELDS:
SN,DATE,TIME,LATITUDE,LONGITUDE,ALTITUDE,PRESSURE,SZA,AM,SDCORR,TEMP,ID,SIG380,SIG440,SIG675,SIG870,SIG1020,STD380,STD440,STD675,STD870,STD1020,R380_440,R440_675,R675_870,R870_1020,AOT380,AOT440,AOT675,AOT870,AOT1020,WATER
31487,02/21/2013,17:12:16,-77.526, 167.156, 4605,  980,85.72,11.685,0.979, 21.7,99,  53.44,   4.04,  25.34,  -5.90,   0.72, 0.327, 1.059, 0.367,NaN   ,10.519,NaN   ,NaN   ,NaN   ,NaN   ,-0.115,0.247,0.285,NaN  ,0.625,Na  
31487,02/21/2013,17:12:31,-77.526, 167.156, 4605,  980,85.71,11.660,0.979, 21.8,99,  57.37,  -7.21,  13.61, -28.11, -29.50, 0.022,NaN   , 0.142,NaN   ,NaN   ,NaN   ,-0.5517,NaN   ,NaN   ,-0.121,NaN  ,0.339,NaN  ,NaN  ,Na  
31487,02/21/2013,17:12:45,-77.526, 167.156, 4605,  980,85.70,11.636,0.979, 22.0,99,  60.46,   8.94,  37.49,   7.18,  25.01, 0.222, 0.457, 0.103, 0.698, 0.136,14.5371,0.2333,NaN   ,0.2718,-0.124,0.181,0.253,0.381,0.323,Na  
31487,02/21/2013,17:13:01,-77.526, 167.156, 4605,  980,85.69,11.610,0.979, 22.1,99,  63.87,   9.23,  37.32,   2.25,  17.18, 0.015, 0.062, 0.022, 0.253, 0.053,6.9457,0.2474,17.7146,0.1311,-0.129,0.179,0.254,0.482,0.356,Na  
31487,02/21/2013,17:13:15,-77.526, 167.156, 4605,  980,85.68,11.587,0.979, 22.1,99,  61.47,   5.66,  31.67,  -5.10,   6.60, 0.010, 0.093, 0.016,NaN   , 0.136,10.9472,0.1785,NaN   ,-0.7929,-0.125,0.222,0.268,NaN  ,0.440,Na  
31487,02/21/2013,17:13:30,-77.526, 167.156, 4605,  980,85.67,11.562,0.979, 22.2,99,  57.21,   0.29,  22.83, -14.98,  -9.45, 0.023, 1.859, 0.069,NaN   ,NaN   ,NaN   ,0.0123,NaN   ,NaN   ,-0.118,0.480,0.297,NaN  ,NaN  ,Na  
31487,02/21/2013,17:13:45,-77.526, 167.156, 4605,  980,85.65,11.537,0.979, 22.2,99,  51.25,  -8.43,  10.04, -27.93, -30.81, 0.013,NaN   , 0.118,NaN   ,NaN   ,NaN   ,-0.8578,NaN   ,NaN   ,-0.108,NaN  ,0.369,NaN  ,NaN  ,Na  
31487,02/21/2013,17:13:59,-77.526, 167.156, 4605,  980,85.64,11.514,0.979, 22.3,99,  42.38,   6.89,  20.16,   3.40,  17.20, 0.589, 0.724, 1.279, 2.506, 0.599,NaN   ,NaN   ,NaN   ,-0.0513,-0.090,0.208,0.310,0.450,0.359,Na  
31487,02/21/2013,17:14:16,-77.526, 167.156, 4605,  980,85.63,11.487,0.979, 22.3,99,  59.75,   2.64,  26.37, -11.44,  -2.78, 0.022, 0.243, 0.041,NaN   ,NaN   ,23.8934,0.1003,NaN   ,NaN   ,-0.119,0.292,0.287,NaN  ,NaN  ,Na  
31487,02/21/2013,17:14:30,-77.526, 167.156, 4605,  980,85.62,11.464,0.979, 22.3,99,  55.59,   8.52,  30.85,   4.98,  17.17, 0.154, 0.575, 0.273, 1.986, 0.999,NaN   ,0.3121,NaN   ,NaN   ,-0.113,0.191,0.274,0.419,0.361,Na  
31487,02/21/2013,17:14:45,-77.526, 167.156, 4605,  980,85.61,11.439,0.979, 22.4,99,  37.33, -10.22,   3.03, -19.14, -15.44, 1.421,NaN   , 8.679,NaN   ,NaN   ,NaN   ,NaN   ,NaN   ,NaN   ,-0.077,NaN  ,0.477,NaN  ,NaN  ,Na  
31487,02/21/2013,17:14:59,-77.526, 167.156, 4605,  980,85.60,11.417,0.979, 22.4,99,  46.86, -26.04, -11.60, -50.95, -63.50, 0.017,NaN   ,NaN   ,NaN   ,NaN   ,NaN   ,NaN   ,NaN   ,NaN   ,-0.096,NaN  ,NaN  ,NaN  ,NaN  ,Na  
31487,02/21/2013,17:15:16,-77.526, 167.156, 4605,  980,85.58,11.389,0.979, 22.5,99,  49.98,  -5.51,  10.04, -23.10, -23.18, 0.260,NaN   , 1.475,NaN   ,NaN   ,NaN   ,NaN   ,NaN   ,NaN   ,-0.101,NaN  ,0.375,NaN  ,NaN  ,Na  
31487,02/21/2013,17:15:31,-77.526, 167.156, 4605,  980,85.57,11.365,0.979, 22.5,99,  -9.08, -31.19, -15.83, -26.42, -26.16,NaN   ,NaN   ,NaN   ,NaN   ,NaN   ,NaN   ,NaN   ,NaN   ,NaN   ,NaN  ,NaN  ,NaN  ,NaN  ,NaN  ,Na  
31487,02/21/2013,17:15:45,-77.526, 167.156, 4605,  980,85.56,11.343,0.979, 22.6,99,  60.70, -34.95, -25.92, -67.95, -79.49, 0.023,NaN   ,NaN   ,NaN   ,NaN   ,NaN   ,NaN   ,NaN   ,NaN   ,-0.117,NaN  ,NaN  ,NaN  ,NaN  ,Na  
31487,02/21/2013,17:16:01,-77.526, 167.156, 4605,  980,85.55,11.317,0.979, 22.6,99,  11.75, -12.76, -22.64, -27.80, -57.08, 3.895,NaN   ,NaN   ,NaN   ,NaN   ,NaN   ,NaN   ,NaN   ,NaN   ,0.029,NaN  ,NaN  ,NaN  ,NaN  ,Na  
31487,02/21/2013,17:16:15,-77.526, 167.156, 4605,  980,85.54,11.295,0.979, 22.7,99,  47.66,  14.34,  32.15,  17.70,  40.62, 0.186, 0.091, 0.160, 0.051, 0.049,3.3567,0.4609,1.8209,0.4362,-0.094,0.152,0.275,0.313,0.290,Na  
31487,02/21/2013,17:16:30,-77.526, 167.156, 4605,  979,85.52,11.271,0.979, 22.7,99,  63.69,  15.24,  41.48,  15.72,  39.70, 0.027, 0.066, 0.034, 0.092, 0.041,4.1899,0.3676,2.6600,0.3968,-0.119,0.147,0.253,0.325,0.293,Na  
31487,02/21/2013,17:16:44,-77.526, 167.156, 4605,  979,85.51,11.249,0.979, 22.8,99,  63.06,  13.58,  40.03,  11.81,  34.22, 0.017, 0.069, 0.017, 0.055, 0.031,4.6678,0.3392,3.3998,0.3455,-0.117,0.158,0.257,0.351,0.307,Na  
31487,02/21/2013,17:16:59,-77.526, 167.156, 4605,  979,85.50,11.226,0.979, 22.8,99,  61.69,  10.66,  35.13,   5.59,  23.08, 0.026, 0.090, 0.035, 0.077, 0.059,5.8280,0.3030,6.3149,0.2428,-0.115,0.181,0.269,0.418,0.342,Na  
31487,02/21/2013,17:17:16,-77.526, 167.156, 4605,  979,85.49,11.199,0.979, 22.8,99,  56.77,   6.52,  26.96,  -2.73,   9.08, 0.014, 0.098, 0.032,NaN   , 0.136,8.8025,0.2420,NaN   ,-0.3099,-0.107,0.225,0.293,NaN  ,0.427,Na  
31487,02/21/2013,17:17:30,-77.526, 167.156, 4605,  979,85.48,11.177,0.979, 22.9,99,  49.43,  -0.42,  14.95, -14.90, -11.65, 0.033,NaN   , 0.052,NaN   ,NaN   ,NaN   ,-0.0289,NaN   ,NaN   ,-0.093,NaN  ,0.347,NaN  ,NaN  ,Na  
31487,02/21/2013,17:17:45,-77.526, 167.156, 4605,  979,85.47,11.154,0.979, 22.9,99,  38.17, -14.02,  -4.13, -31.07, -38.60, 0.029,NaN   ,NaN   ,NaN   ,NaN   ,NaN   ,NaN   ,NaN   ,NaN   ,-0.070,NaN  ,NaN  ,NaN  ,NaN  ,Na  
31487,02/21/2013,17:17:59,-77.526, 167.156, 4605,  979,85.45,11.132,0.979, 22.9,99,  20.60, -29.89, -25.96, -48.32, -68.71, 0.052,NaN   ,NaN   ,NaN   ,NaN   ,NaN   ,NaN   ,NaN   ,NaN   ,-0.014,NaN  ,NaN  ,NaN  ,NaN  ,Na  
31487,02/21/2013,17:18:16,-77.526, 167.156, 4605,  979,85.44,11.106,0.979, 22.9,99,  -1.44, -50.19, -52.61, -69.83,-103.34,NaN   ,NaN   ,NaN   ,NaN   ,NaN   ,NaN   ,NaN   ,NaN   ,NaN   ,NaN  ,NaN  ,NaN  ,NaN  ,NaN  ,Na  
31487,02/21/2013,17:18:30,-77.526, 167.156, 4605,  979,85.43,11.084,0.979, 23.0,99, -33.25, -76.24, -85.96, -94.37,-143.50,NaN   ,NaN   ,NaN   ,NaN   ,NaN   ,NaN   ,NaN   ,NaN   ,NaN   ,NaN  ,NaN  ,NaN  ,NaN  ,NaN  ,Na  
31487,02/21/2013,17:18:45,-77.526, 167.156, 4605,  979,85.42,11.061,0.979, 23.0,99, -72.23,-108.32,-124.80,-121.59,-187.12,NaN   ,NaN   ,NaN   ,NaN   ,NaN   ,NaN   ,NaN   ,NaN   ,NaN   ,NaN  ,NaN  ,NaN  ,NaN  ,NaN  ,Na  
31487,02/21/2013,17:19:02,-77.526, 167.156, 4605,  979,85.40,11.035,0.979, 23.0,99,-111.44,-140.54,-163.38,-148.68,-229.41,NaN   ,NaN   ,NaN   ,NaN   ,NaN   ,NaN   ,NaN   ,NaN   ,NaN   ,NaN  ,NaN  ,NaN  ,NaN  ,NaN  ,Na  
31487,02/21/2013,17:19:16,-77.526, 167.156, 4605,  979,85.39,11.014,0.979, 23.1,99,-161.13,-181.09,-209.77,-181.30,-280.23,NaN   ,NaN   ,NaN   ,NaN   ,NaN   ,NaN   ,NaN   ,NaN   ,NaN   ,NaN  ,NaN  ,NaN  ,NaN  ,NaN  ,Na  
31487,02/21/2013,17:19:31,-77.526, 167.156, 4605,  979,85.38,10.991,0.979, 23.1,99, -16.75, -43.36, -51.81, -69.71,-110.40,NaN   ,NaN   ,NaN   ,NaN   ,NaN   ,NaN   ,NaN   ,NaN   ,NaN   ,NaN  ,NaN  ,NaN  ,NaN  ,NaN  ,Na  
31487,02/21/2013,17:19:45,-77.526, 167.156, 4605,  979,85.37,10.970,0.979, 23.1,99,-161.84,-145.91,-168.38,-175.95,-303.84,NaN   ,NaN   ,NaN   ,NaN   ,NaN   ,NaN   ,NaN   ,NaN   ,NaN   ,NaN  ,NaN  ,NaN  ,NaN  ,NaN  ,Na  
31487,02/21/2013,17:20:01,-77.526, 167.156, 4605,  979,85.36,10.946,0.979, 23.1,99,  43.20,  13.30,  27.73,  16.56,  40.81, 0.204, 0.204, 0.242, 0.114, 0.124,3.4299,0.5116,1.6875,0.4092,-0.074,0.171,0.299,0.330,0.299,Na  
31487,02/21/2013,17:20:15,-77.526, 167.156, 4605,  979,85.35,10.924,0.979, 23.2,99,  63.02,   5.92,  31.22,  -4.07,  19.14, 0.057, 0.552, 0.138,NaN   , 0.387,NaN   ,0.1749,NaN   ,-0.2764,-0.108,0.246,0.288,NaN  ,0.369,Na  
31487,02/21/2013,17:20:30,-77.526, 167.156, 4605,  979,85.33,10.902,0.979, 23.2,99,  62.69,  -0.39,  21.14, -19.23,  -4.67, 0.023,NaN   , 0.056,NaN   ,NaN   ,NaN   ,-0.0188,NaN   ,NaN   ,-0.107,NaN  ,0.325,NaN  ,NaN  ,Na  
31487,02/21/2013,17:20:45,-77.526, 167.156, 4605,  979,85.32,10.879,0.979, 23.2,99,  60.11, -11.05,   6.25, -36.06, -29.39, 0.025,NaN   , 0.169,NaN   ,NaN   ,NaN   ,-1.8237,NaN   ,NaN   ,-0.102,NaN  ,0.438,NaN  ,NaN  ,Na  
31487,02/21/2013,17:20:59,-77.526, 167.156, 4605,  978,85.31,10.859,0.979, 23.2,99,  56.22, -23.48, -10.52, -51.79, -54.87, 0.024,NaN   ,NaN   ,NaN   ,NaN   ,NaN   ,NaN   ,NaN   ,NaN   ,-0.095,NaN  ,NaN  ,NaN  ,NaN  ,Na  
31487,02/21/2013,17:21:16,-77.526, 167.156, 4605,  978,85.30,10.833,0.979, 23.2,99,  49.48, -37.29, -28.63, -67.88, -81.60, 0.042,NaN   ,NaN   ,NaN   ,NaN   ,NaN   ,NaN   ,NaN   ,NaN   ,-0.083,NaN  ,NaN  ,NaN  ,NaN  ,Na  
31487,02/21/2013,17:21:30,-77.526, 167.156, 4605,  978,85.29,10.813,0.979, 23.3,99,  36.10, -56.49, -53.61, -88.36,-113.58, 0.049,NaN   ,NaN   ,NaN   ,NaN   ,NaN   ,NaN   ,NaN   ,NaN   ,-0.053,NaN  ,NaN  ,NaN  ,NaN  ,Na  
31487,02/21/2013,17:21:45,-77.526, 167.156, 4605,  978,85.27,10.790,0.979, 23.3,99,  32.06, -24.05, -16.59, -43.44, -53.31, 0.644,NaN   ,NaN   ,NaN   ,NaN   ,NaN   ,NaN   ,NaN   ,NaN   ,-0.041,NaN  ,NaN  ,NaN  ,NaN  ,Na  
31487,02/21/2013,17:21:59,-77.526, 167.156, 4605,  978,85.26,10.770,0.979, 23.3,99,  62.61,  14.80,  33.48,  13.09,  45.68, 0.054, 0.046, 0.044, 0.095, 0.040,4.2395,0.4426,2.5839,0.2864,-0.102,0.168,0.287,0.357,0.294,Na  
31487,02/21/2013,17:22:16,-77.526, 167.156, 4605,  978,85.25,10.745,0.979, 23.3,99,  69.30,  13.88,  37.18,  11.04,  42.65, 0.019, 0.051, 0.030, 0.051, 0.019,5.0047,0.3733,3.3757,0.2588,-0.111,0.175,0.278,0.374,0.301,Na  
31487,02/21/2013,17:22:31,-77.526, 167.156, 4605,  978,85.24,10.723,0.979, 23.3,99,  70.36,  13.84,  38.83,   9.49,  40.14, 0.013, 0.062, 0.024, 0.045, 0.033,5.1031,0.3567,4.1015,0.2367,-0.112,0.176,0.274,0.389,0.307,Na  
31487,02/21/2013,17:22:45,-77.526, 167.156, 4605,  978,85.23,10.702,0.979, 23.3,99,  71.02,  13.74,  39.87,   8.90,  37.84, 0.016, 0.089, 0.043, 0.040, 0.036,5.1998,0.3456,4.4916,0.2352,-0.112,0.177,0.272,0.396,0.313,Na  
31487,02/21/2013,17:23:02,-77.526, 167.156, 4605,  978,85.21,10.678,0.979, 23.3,99,  69.96,  14.38,  39.08,   5.10,  32.38, 0.029, 0.094, 0.027, 0.174, 0.046,4.8970,0.3681,7.8659,0.1579,-0.110,0.174,0.275,0.449,0.329,Na  
31487,02/21/2013,17:23:16,-77.526, 167.156, 4605,  978,85.20,10.658,0.979, 23.3,99,  66.71,  11.25,  35.16,   0.27,  23.78, 0.023, 0.096, 0.021, 2.270, 0.099,5.9797,0.3202,NaN   ,0.0101,-0.105,0.198,0.286,0.725,0.358,Na  
31487,02/21/2013,17:23:31,-77.526, 167.156, 4605,  978,85.19,10.636,0.979, 23.3,99,  63.90,   7.02,  27.34,  -7.72,  10.58, 0.029, 0.116, 0.055,NaN   , 0.133,9.2057,0.2569,NaN   ,-0.7494,-0.100,0.243,0.310,NaN  ,0.435,Na  
31487,02/21/2013,17:23:45,-77.526, 167.156, 4605,  978,85.18,10.616,0.979, 23.4,99,  56.14,  -0.08,  15.34, -18.41,  -9.34, 0.047,NaN   , 0.133,NaN   ,NaN   ,NaN   ,-0.0043,NaN   ,NaN   ,-0.087,NaN  ,0.365,NaN  ,NaN  ,Na  
31487,02/21/2013,17:24:01,-77.526, 167.156, 4605,  978,85.17,10.593,0.979, 23.4,99,   9.38,  14.44,   7.03,  14.18,  39.57, 0.501, 0.106, 0.532, 0.055, 0.057,0.6553,2.4252,0.5009,0.3587,0.082,0.177,0.440,0.356,0.313,Na  
31487,02/21/2013,17:24:15,-77.526, 167.156, 4605,  978,85.15,10.573,0.979, 23.4,99,  22.16,  16.09,  15.10,  17.39,  43.84, 0.090, 0.052, 0.114, 0.057, 0.025,1.3806,1.0831,0.8693,0.3967,0.002,0.167,0.368,0.337,0.303,Na  
31487,02/21/2013,17:24:30,-77.526, 167.156, 4605,  978,85.14,10.551,0.979, 23.4,99,  27.00,  15.59,  19.88,  17.17,  43.67, 0.035, 0.032, 0.040, 0.023, 0.023,1.7340,0.7854,1.1577,0.3934,-0.016,0.171,0.343,0.339,0.304,Na  
31487,02/21/2013,17:24:45,-77.526, 167.156, 4605,  978,85.13,10.530,0.979, 23.4,99,  28.11,  14.41,  20.08,  15.43,  40.17, 0.057, 0.044, 0.051, 0.039, 0.041,1.9548,0.7192,1.3044,0.3846,-0.019,0.180,0.343,0.350,0.313,Na  
31487,02/21/2013,17:24:59,-77.526, 167.156, 4605,  978,85.12,10.510,0.979, 23.4,99,  28.56,  12.26,  17.34,  11.31,  33.01, 0.085, 0.105, 0.078, 0.114, 0.052,2.3452,0.7123,1.5579,0.3422,-0.020,0.196,0.357,0.381,0.332,Na  
31487,02/21/2013,17:25:16,-77.526, 167.156, 4605,  978,85.10,10.486,0.979, 23.4,99,  25.19,   8.26,  11.91,   6.44,  23.80, 0.093, 0.158, 0.105, 0.209, 0.065,3.1125,0.6957,1.9798,0.2693,-0.007,0.234,0.394,0.435,0.364,Na  
31487,02/21/2013,17:25:30,-77.526, 167.156, 4605,  978,85.09,10.467,0.979, 23.4,99,  18.93,   1.83,   1.87,  -2.20,   9.17, 0.075, 0.521, 0.848,NaN   , 0.219,12.5988,NaN   ,NaN   ,-0.2852,0.021,0.379,0.572,NaN  ,0.456,Na  
31487,02/21/2013,17:25:45,-77.526, 167.156, 4605,  978,85.08,10.446,0.979, 23.4,99,   7.58,  -9.04, -13.84, -14.89, -12.13, 0.096,NaN   ,NaN   ,NaN   ,NaN   ,NaN   ,NaN   ,NaN   ,NaN   ,0.110,NaN  ,NaN  ,NaN  ,NaN  ,Na  
31487,02/21/2013,17:25:59,-77.526, 167.156, 4605,  978,85.07,10.426,0.979, 23.5,99,  -8.05, -23.10, -33.92, -28.97, -37.50,NaN   ,NaN   ,NaN   ,NaN   ,NaN   ,NaN   ,NaN   ,NaN   ,NaN   ,NaN  ,NaN  ,NaN  ,NaN  ,NaN  ,Na  
31487,02/21/2013,17:26:16,-77.526, 167.156, 4605,  978,85.06,10.402,0.979, 23.5,99, -30.59, -42.61, -59.08, -47.59, -69.11,NaN   ,NaN   ,NaN   ,NaN   ,NaN   ,NaN   ,NaN   ,NaN   ,NaN   ,NaN  ,NaN  ,NaN  ,NaN  ,NaN  ,Na  
31487,02/21/2013,17:26:31,-77.526, 167.156, 4605,  978,85.04,10.381,0.979, 23.5,99, -54.69, -63.90, -85.03, -66.31,-100.04,NaN   ,NaN   ,NaN   ,NaN   ,NaN   ,NaN   ,NaN   ,NaN   ,NaN   ,NaN  ,NaN  ,NaN  ,NaN  ,NaN  ,Na  
31487,02/21/2013,17:26:45,-77.526, 167.156, 4605,  977,85.03,10.362,0.979, 23.5,99, -23.68, -11.41, -25.32, -10.07,  -3.97,NaN   ,NaN   ,NaN   ,NaN   ,NaN   ,NaN   ,NaN   ,NaN   ,NaN   ,NaN  ,NaN  ,NaN  ,NaN  ,NaN  ,Na  
31487,02/21/2013,17:27:02,-77.526, 167.156, 4605,  977,85.02,10.339,0.979, 23.5,99,  34.36,  14.37,  22.40,  14.30,  39.51, 0.062, 0.085, 0.057, 0.075, 0.053,2.4027,0.6433,1.5742,0.3626,-0.030,0.188,0.339,0.364,0.321,Na  
31487,02/21/2013,17:27:16,-77.526, 167.156, 4605,  977,85.01,10.319,0.979, 23.6,99,  34.27,  11.67,  18.12,   9.20,  32.03, 0.052, 0.090, 0.100, 0.117, 0.063,2.9635,0.6482,2.0045,0.2879,-0.029,0.209,0.361,0.408,0.342,Na  
31487,02/21/2013,17:27:31,-77.526, 167.156, 4605,  978,85.00,10.299,0.979, 23.6,99,  27.60,   5.32,   9.50,   1.79,  18.47, 0.080, 0.257, 0.200, 0.509, 0.117,5.4211,0.5614,NaN   ,0.0995,-0.008,0.285,0.424,0.567,0.396,Na  
31487,02/21/2013,17:27:45,-77.526, 167.156, 4605,  977,84.98,10.280,0.979, 23.6,99,  57.56,  16.17,  35.38,  14.90,  46.23, 0.027, 0.079, 0.031, 0.055, 0.026,3.5786,0.4579,2.3799,0.3226,-0.078,0.179,0.297,0.363,0.307,Na  
31487,02/21/2013,17:28:01,-77.526, 167.156, 4605,  977,84.97,10.258,0.979, 23.7,99,  55.29,  13.40,  31.07,   9.76,  36.24, 0.028, 0.093, 0.054, 0.067, 0.057,4.1540,0.4327,3.1979,0.2703,-0.074,0.198,0.310,0.405,0.332,Na  
31487,02/21/2013,17:28:16,-77.526, 167.156, 4605,  977,84.96,10.238,0.979, 23.7,99,  50.07,   8.70,  22.21,   1.92,  22.30, 0.053, 0.121, 0.053, 0.363, 0.047,5.8148,0.3913,13.3722,0.0860,-0.063,0.241,0.344,0.564,0.380,Na  
31487,02/21/2013,17:28:30,-77.526, 167.156, 4605,  977,84.95,10.219,0.979, 23.7,99,  41.43,   1.24,   9.11,  -8.53,   4.33, 0.026, 0.704, 0.196,NaN   , 0.363,56.3819,0.1306,NaN   ,-2.3796,-0.044,0.432,0.432,NaN  ,0.541,Na  
31487,02/21/2013,17:28:45,-77.526, 167.156, 4605,  977,84.94,10.198,0.979, 23.8,99,  55.31,   9.95,  26.76,   3.56,  27.13, 0.028, 0.095, 0.040, 0.299, 0.061,5.5990,0.3724,8.1654,0.1318,-0.071,0.229,0.327,0.506,0.362,Na  
31487,02/21/2013,17:28:59,-77.526, 167.156, 4605,  977,84.92,10.180,0.979, 23.8,99,  51.15,   5.58,  18.13,  -5.37,  11.71, 0.062, 0.146, 0.080,NaN   , 0.148,9.3073,0.3087,NaN   ,-0.4754,-0.063,0.287,0.366,NaN  ,0.445,Na  
31487,02/21/2013,17:29:16,-77.526, 167.156, 4605,  977,84.91,10.157,0.979, 23.8,99,  40.60,  -3.65,   4.25, -17.89,  -8.58, 0.035,NaN   , 0.326,NaN   ,NaN   ,NaN   ,-0.9841,NaN   ,NaN   ,-0.040,NaN  ,0.510,NaN  ,NaN  ,Na  
31487,02/21/2013,17:29:30,-77.526, 167.156, 4605,  977,84.90,10.138,0.979, 23.8,99,  26.95, -16.04, -14.64, -31.93, -33.10, 0.048,NaN   ,NaN   ,NaN   ,NaN   ,NaN   ,NaN   ,NaN   ,NaN   ,0.002,NaN  ,NaN  ,NaN  ,NaN  ,Na  
31487,02/21/2013,17:29:45,-77.526, 167.156, 4605,  977,84.89,10.118,0.979, 23.9,99,   6.35, -34.25, -38.96, -50.58, -64.69, 0.278,NaN   ,NaN   ,NaN   ,NaN   ,NaN   ,NaN   ,NaN   ,NaN   ,0.145,NaN  ,NaN  ,NaN  ,NaN  ,Na  
31487,02/21/2013,22:56:09,-77.526, 167.156, 4605,  977,69.30,2.810,0.980, 21.7,99,   0.19,   0.11,   0.13,   0.09,   0.16, 0.054, 0.061, 0.036,NaN   , 0.078,NaN   ,0.8804,NaN   ,0.5669,2.880,3.046,3.201,NaN  ,3.157,Na  
31487,02/21/2013,22:57:25,-77.526, 167.156, 4605,  977,69.26,2.806,0.980, 21.6,99,   0.18,   0.11,   0.12,   0.10,   0.16, 0.041, 0.043, 0.042,NaN   , 0.045,1.6197,0.9139,NaN   ,0.6085,2.904,3.044,3.212,NaN  ,3.173,Na  
31487,02/21/2013,22:57:40,-77.526, 167.156, 4605,  977,69.25,2.805,0.980, 21.6,99,   0.19,   0.12,   0.13,   0.10,   0.16, 0.032, 0.053, 0.052,NaN   , 0.048,1.5782,0.9399,NaN   ,0.6160,2.900,3.031,3.208,NaN  ,3.168,Na  
31487,02/21/2013,22:57:54,-77.526, 167.156, 4605,  977,69.25,2.804,0.980, 21.6,99,   0.18,   0.11,   0.12,   0.08,   0.16, 0.033, 0.047, 0.046,NaN   , 0.043,NaN   ,0.8509,NaN   ,0.4947,2.902,3.069,3.211,NaN  ,3.170,Na  
31487,02/21/2013,22:58:10,-77.526, 167.156, 4605,  976,69.24,2.803,0.980, 21.5,99,   0.32,   0.24,   0.37,   0.27,   0.45, 0.204, 0.215, 0.251, 0.249, 0.249,1.3465,0.6736,1.3928,0.6159,2.708,2.779,2.827,2.800,2.801,Na  
31487,02/21/2013,22:58:24,-77.526, 167.156, 4605,  977,69.23,2.802,0.980, 21.5,99,   0.26,   0.18,   0.23,   0.17,   0.28, 0.030, 0.032, 0.026, 0.046, 0.031,1.4907,0.7651,1.3916,0.5995,2.780,2.892,2.996,2.976,2.975,Na  
31487,02/21/2013,22:58:39,-77.526, 167.156, 4605,  977,69.22,2.801,0.980, 21.5,99,   0.26,   0.18,   0.24,   0.17,   0.28, 0.023, 0.049, 0.026, 0.068, 0.025,1.4698,0.7581,1.4120,0.5980,2.778,2.884,2.985,2.969,2.967,Na  
31487,02/21/2013,22:58:53,-77.526, 167.156, 4605,  977,69.22,2.800,0.980, 21.4,99,   0.27,   0.17,   0.22,   0.16,   0.26, 0.027, 0.027, 0.027, 0.053, 0.025,1.5285,0.7992,1.4066,0.5933,2.775,2.895,3.015,2.998,2.994,Na  
31487,02/21/2013,22:59:10,-77.526, 167.156, 4605,  977,69.21,2.799,0.980, 21.4,99,   0.25,   0.17,   0.20,   0.14,   0.25, 0.029, 0.041, 0.020, 0.061, 0.033,1.4890,0.8148,1.4230,0.5857,2.803,2.914,3.041,3.028,3.019,Na  
31487,02/21/2013,22:59:25,-77.526, 167.156, 4605,  977,69.20,2.798,0.980, 21.4,99,   0.17,   0.13,   0.18,   0.14,   0.24, 0.036, 0.053, 0.038, 0.055, 0.026,1.2320,0.7645,1.2946,0.5647,2.949,2.991,3.095,3.048,3.027,Na  
31487,02/21/2013,22:59:39,-77.526, 167.156, 4605,  977,69.19,2.797,0.980, 21.3,99,   0.18,   0.12,   0.16,   0.11,   0.21, 0.231, 0.081, 0.073, 0.182, 0.227,1.4499,0.7825,NaN   ,0.5626,2.917,3.021,3.132,3.117,3.086,Na  
31487,02/21/2013,22:59:54,-77.526, 167.156, 4605,  977,69.19,2.796,0.980, 21.3,99,   0.12,   0.12,   0.15,   0.13,   0.21, 0.074, 0.063, 0.037, 0.090, 0.023,1.0690,0.7592,1.2181,0.6055,3.051,3.042,3.144,3.073,3.077,Na  
31487,02/21/2013,23:00:10,-77.526, 167.156, 4605,  977,69.19,2.797,0.980, 21.3,99,   0.25,   0.16,   0.19,   0.12,   0.17, 0.017, 0.055, 0.029, 0.090, 0.055,1.5378,0.8278,1.6538,0.6886,2.808,2.929,3.062,3.101,3.150,Na  
31487,02/21/2013,23:00:25,-77.526, 167.156, 4605,  977,69.19,2.796,0.980, 21.2,99,   0.24,   0.17,   0.21,   0.13,   0.20, 0.023, 0.035, 0.031, 0.058, 0.039,1.4719,0.7920,1.5924,0.6639,2.813,2.919,3.036,3.063,3.099,Na  
31487,02/21/2013,23:00:39,-77.526, 167.156, 4605,  977,69.18,2.795,0.980, 21.2,99,   0.25,   0.16,   0.19,   0.13,   0.18, 0.028, 0.051, 0.046, 0.074, 0.038,1.5243,0.8488,1.5203,0.7012,2.809,2.927,3.069,3.078,3.133,Na  
31487,02/21/2013,23:00:54,-77.526, 167.156, 4605,  977,69.17,2.794,0.980, 21.1,99,   0.24,   0.16,   0.18,   0.10,   0.13, 0.036, 0.048, 0.026, 0.088, 0.046,1.4795,0.9309,NaN   ,0.7665,2.816,2.924,3.099,3.155,3.241,Na  
31487,02/21/2013,23:01:10,-77.526, 167.156, 4605,  977,69.16,2.793,0.980, 21.1,99,   0.26,   0.18,   0.24,   0.17,   0.28, 0.029, 0.034, 0.026, 0.075, 0.028,1.4267,0.7711,1.4379,0.5931,2.787,2.882,2.989,2.979,2.975,Na  
31487,02/21/2013,23:01:25,-77.526, 167.156, 4605,  976,69.16,2.792,0.980, 21.0,99,   0.25,   0.18,   0.22,   0.15,   0.27, 0.033, 0.031, 0.031, 0.072, 0.022,1.3776,0.8209,1.4357,0.5714,2.809,2.891,3.021,3.010,2.993,Na  
31487,02/26/2013, 1:40:48,-77.526, 167.156, 4605,  976,68.97,2.769,0.981, 20.6,99,   0.00,   0.01,  -0.01,  -0.00,  -0.01,NaN   ,NaN   ,NaN   ,NaN   ,NaN   ,NaN   ,NaN   ,NaN   ,NaN   ,NaN  ,NaN  ,NaN  ,NaN  ,NaN  ,Na  
END.
