 5 7 1.45 0.00 0.08 4.00
 0.3800 0.4400 0.6750 0.8700 1.0200

 1.71 0 0
  0, 02/28/13 16:44:25, 16:44:25, -39.421000,  -71.941000, 2830
Background Villarrica-13
 0.1418 0.1654 0.1160 0.1406 0.2276
 0.0122 0.0181 0.0142 0.0238 0.0229

 2.27 0 0
  1, 02/28/13 16:48:31, 16:48:31, -39.421000,  -71.941000, 2830
Group 2
 0.2265 0.2191 0.1329 0.1366 0.2252
 0.0951 0.0752 0.0362 0.0300 0.0278

 2.72 0 0
  2, 02/28/13 16:55:23, 16:55:23, -39.421000,  -71.941000, 2830
Group 3
 0.9484 0.8941 0.6040 0.4846 0.5246
 0.6222 0.5710 0.3638 0.2469 0.1944
