REC#0256
FIELDS:
SN,DATE,TIME,LATITUDE,LONGITUDE,ALTITUDE,PRESSURE,SZA,AM,SDCORR,TEMP,ID,SIG380,SIG440,SIG675,SIG870,SIG1020,STD380,STD440,STD675,STD870,STD1020,R380_440,R440_675,R675_870,R870_1020,AOT380,AOT440,AOT675,AOT870,AOT1020,WATER
31487,02/27/2013,18:15:58,-39.309, -72.161,  294,  980,35.44,1.226,0.982, 24.6,99,   0.59,   0.40,   0.71,   1.11,   4.55, 0.307, 0.312, 0.919, 1.342, 2.944,1.5372,NaN   ,NaN   ,0.8505,6.227,6.229,5.968,5.264,4.519,Na  
31487,02/27/2013,18:16:12,-39.309, -72.161,  294,  980,35.46,1.227,0.982, 24.7,99, 994.39, 697.93, 952.55, 635.69, 985.53, 0.005, 0.002, 0.003, 0.004, 0.004,1.4248,0.7327,1.4985,0.6450,0.175,0.143,0.102,0.084,0.134,Na  
31487,02/27/2013,18:16:27,-39.309, -72.161,  294,  980,35.49,1.227,0.982, 24.8,99, 992.53, 698.23, 952.76, 636.24, 988.20, 0.005, 0.001, 0.002, 0.003, 0.004,1.4215,0.7329,1.4975,0.6438,0.177,0.143,0.102,0.083,0.132,Na  
31487,02/27/2013,18:16:42,-39.309, -72.161,  294,  980,35.52,1.228,0.982, 24.8,99, 989.14, 698.97, 950.19, 637.89, 988.15, 0.006, 0.002, 0.003, 0.003, 0.002,1.4152,0.7356,1.4896,0.6455,0.179,0.142,0.104,0.081,0.132,Na  
31487,02/27/2013,18:16:56,-39.309, -72.161,  294,  980,35.54,1.228,0.982, 24.8,99, 993.89, 698.76, 950.79, 636.98, 987.38, 0.003, 0.002, 0.004, 0.003, 0.003,1.4224,0.7349,1.4927,0.6451,0.175,0.142,0.103,0.082,0.133,Na  
31487,02/27/2013,18:17:13,-39.309, -72.161,  294,  980,35.57,1.228,0.982, 24.7,99, 994.87, 697.51, 954.29, 634.07, 985.82, 0.004, 0.002, 0.003, 0.004, 0.004,1.4263,0.7309,1.5051,0.6432,0.174,0.143,0.100,0.086,0.134,Na  
31487,02/27/2013,18:17:27,-39.309, -72.161,  294,  980,35.60,1.229,0.982, 24.7,99, 984.39, 697.45, 941.89, 635.77, 985.85, 0.008, 0.003, 0.006, 0.008, 0.003,1.4114,0.7405,1.4816,0.6449,0.183,0.143,0.111,0.083,0.134,Na  
31487,02/27/2013,18:17:42,-39.309, -72.161,  294,  980,35.62,1.229,0.982, 24.6,99, 995.27, 699.35, 951.75, 638.38, 988.15, 0.004, 0.001, 0.004, 0.003, 0.004,1.4231,0.7348,1.4909,0.6460,0.174,0.141,0.102,0.080,0.132,Na  
31487,02/27/2013,18:17:56,-39.309, -72.161,  294,  980,35.65,1.230,0.982, 24.6,99, 991.06, 698.84, 947.87, 637.92, 988.97, 0.004, 0.003, 0.007, 0.003, 0.005,1.4182,0.7373,1.4859,0.6450,0.177,0.141,0.106,0.080,0.131,Na  
31487,02/27/2013,18:18:13,-39.309, -72.161,  294,  980,35.68,1.230,0.982, 24.6,99, 985.33, 699.01, 947.75, 637.80, 991.42, 0.007, 0.002, 0.006, 0.002, 0.002,1.4096,0.7376,1.4860,0.6433,0.181,0.141,0.106,0.081,0.129,Na  
31487,02/27/2013,18:28:28,-39.309, -72.161,  294,  978,36.84,1.249,0.982, 25.9,99,  -0.01,   0.00,  -0.01,   0.00,  -0.01,NaN   ,NaN   ,NaN   ,NaN   ,NaN   ,NaN   ,NaN   ,NaN   ,NaN   ,NaN  ,NaN  ,NaN  ,NaN  ,NaN  ,Na  
31487,02/27/2013,21:04:30,-39.421, -71.941, 2830,  723,62.67,2.170,0.982, 19.5,99,   0.00,   0.00,   0.00,   0.00,  -0.00,NaN   ,NaN   ,NaN   ,NaN   ,NaN   ,NaN   ,NaN   ,NaN   ,NaN   ,NaN  ,NaN  ,NaN  ,NaN  ,NaN  ,Na  
31487,02/27/2013,21:05:47,-39.421, -71.941, 2830,  723,62.91,2.188,0.982, 19.5,99,   0.00,   0.00,  -0.01,  -0.00,  -0.01,NaN   ,NaN   ,NaN   ,NaN   ,NaN   ,NaN   ,NaN   ,NaN   ,NaN   ,NaN  ,NaN  ,NaN  ,NaN  ,NaN  ,Na  
31487,02/27/2013,21:08:58,-40.000, -70.000, 2000,  500,65.09,2.364,0.982, 19.5,99,   0.00,  -0.00,   0.00,   0.01,  -0.00,NaN   ,NaN   ,NaN   ,NaN   ,NaN   ,NaN   ,NaN   ,NaN   ,NaN   ,NaN  ,NaN  ,NaN  ,NaN  ,NaN  ,Na  
31487,02/27/2013,21:11:07,-41.000, -71.000, 3000,  400,64.94,2.351,0.982, 19.5,99,  -0.00,  -0.00,  -0.01,  -0.00,  -0.01,NaN   ,NaN   ,NaN   ,NaN   ,NaN   ,NaN   ,NaN   ,NaN   ,NaN   ,NaN  ,NaN  ,NaN  ,NaN  ,NaN  ,Na  
31487,02/27/2013,21:22:41,-39.421, -71.941, 2830,  723,66.11,2.458,0.982, 19.1,99,  -0.01,   0.01,   0.00,   0.00,  -0.00,NaN   ,NaN   ,NaN   ,NaN   ,NaN   ,NaN   ,NaN   ,NaN   ,NaN   ,NaN  ,NaN  ,NaN  ,NaN  ,NaN  ,Na  
31487,02/27/2013,21:23:30,-39.421, -71.941, 2830,  723,66.27,2.473,0.982, 19.1,99,   0.00,   0.00,  -0.01,  -0.01,  -0.01,NaN   ,NaN   ,NaN   ,NaN   ,NaN   ,NaN   ,NaN   ,NaN   ,NaN   ,NaN  ,NaN  ,NaN  ,NaN  ,NaN  ,Na  
31487,02/28/2013,15:33:56,-39.421, -71.941, 2830,  723,37.12,1.253,0.983,  4.0,99,1155.12, 752.97, 973.69, 641.50, 926.92, 0.003, 0.002, 0.001, 0.001, 0.001,1.5341,0.7733,1.5178,0.6921,0.155,0.136,0.092,0.078,0.182,Na  
31487,02/28/2013,15:34:11,-39.421, -71.941, 2830,  723,37.09,1.253,0.983,  4.1,99,1164.76, 757.34, 979.24, 642.71, 929.65, 0.009, 0.006, 0.002, 0.002, 0.001,1.5379,0.7734,1.5236,0.6913,0.149,0.131,0.087,0.076,0.180,Na  
31487,02/28/2013,15:34:25,-39.421, -71.941, 2830,  723,37.06,1.252,0.983,  4.1,99,1145.89, 748.61, 979.49, 639.23, 928.05, 0.003, 0.004, 0.001, 0.002, 0.001,1.5307,0.7643,1.5323,0.6888,0.162,0.141,0.087,0.081,0.181,Na  
31487,02/28/2013,15:34:40,-39.421, -71.941, 2830,  723,37.03,1.252,0.983,  4.1,99,1187.16, 763.13, 985.67, 635.23, 922.51, 0.004, 0.002, 0.000, 0.001, 0.001,1.5556,0.7742,1.5517,0.6886,0.134,0.125,0.082,0.086,0.186,Na  
31487,02/28/2013,15:34:55,-39.421, -71.941, 2830,  723,37.00,1.251,0.983,  4.1,99,1178.55, 758.31, 980.61, 628.89, 914.57, 0.003, 0.002, 0.001, 0.001, 0.001,1.5542,0.7733,1.5593,0.6876,0.140,0.131,0.086,0.094,0.193,Na  
31487,02/28/2013,15:35:11,-39.421, -71.941, 2830,  723,36.97,1.251,0.983,  4.0,99,1167.22, 749.87, 972.53, 619.66, 903.17, 0.003, 0.002, 0.001, 0.002, 0.001,1.5566,0.7710,1.5695,0.6861,0.148,0.140,0.093,0.106,0.203,Na  
31487,02/28/2013,15:35:26,-39.421, -71.941, 2830,  723,36.94,1.250,0.983,  4.0,99,1149.37, 737.42, 960.69, 608.58, 886.51, 0.003, 0.003, 0.002, 0.002, 0.002,1.5586,0.7676,1.5786,0.6865,0.161,0.153,0.103,0.120,0.218,Na  
31487,02/28/2013,15:35:40,-39.421, -71.941, 2830,  723,36.92,1.250,0.983,  3.9,99,1139.65, 724.32, 945.04, 593.24, 864.15, 0.011, 0.010, 0.003, 0.003, 0.003,1.5734,0.7664,1.5930,0.6865,0.167,0.168,0.116,0.141,0.238,Na  
31487,02/28/2013,15:35:55,-39.421, -71.941, 2830,  723,36.89,1.249,0.983,  3.9,99,1146.29, 753.33, 962.89, 639.70, 924.26, 0.003, 0.002, 0.002, 0.002, 0.002,1.5216,0.7824,1.5052,0.6921,0.163,0.136,0.101,0.080,0.185,Na  
31487,02/28/2013,15:36:10,-39.421, -71.941, 2830,  723,36.86,1.249,0.983,  3.8,99,1168.58, 761.41, 975.46, 644.33, 932.37, 0.002, 0.001, 0.001, 0.001, 0.001,1.5348,0.7806,1.5139,0.6911,0.148,0.128,0.091,0.075,0.178,Na  
31487,02/28/2013,15:36:25,-39.421, -71.941, 2830,  723,36.83,1.248,0.983,  3.8,99,1145.11, 750.60, 975.50, 643.41, 932.64, 0.002, 0.002, 0.001, 0.001, 0.001,1.5256,0.7694,1.5161,0.6899,0.164,0.140,0.091,0.076,0.178,Na  
31487,02/28/2013,15:36:40,-39.421, -71.941, 2830,  723,36.80,1.248,0.983,  3.7,99,1151.88, 752.64, 978.17, 641.65, 930.73, 0.002, 0.001, 0.001, 0.001, 0.001,1.5304,0.7694,1.5245,0.6894,0.160,0.137,0.089,0.078,0.179,Na  
31487,02/28/2013,15:36:54,-39.421, -71.941, 2830,  723,36.77,1.247,0.983,  3.6,99,1171.46, 759.64, 981.62, 639.08, 928.30, 0.008, 0.005, 0.002, 0.001, 0.001,1.5421,0.7739,1.5360,0.6884,0.146,0.130,0.086,0.081,0.181,Na  
31487,02/28/2013,15:37:11,-39.421, -71.941, 2830,  723,36.74,1.247,0.983,  3.5,99,1156.12, 751.29, 975.48, 633.33, 920.37, 0.005, 0.003, 0.001, 0.002, 0.002,1.5388,0.7702,1.5402,0.6881,0.157,0.139,0.091,0.088,0.188,Na  
31487,02/28/2013,15:37:25,-39.421, -71.941, 2830,  723,36.72,1.246,0.983,  3.5,99,1153.34, 748.77, 970.57, 626.17, 910.05, 0.002, 0.001, 0.001, 0.002, 0.002,1.5403,0.7715,1.5500,0.6881,0.159,0.142,0.095,0.098,0.198,Na  
31487,02/28/2013,15:37:40,-39.421, -71.941, 2830,  723,36.69,1.246,0.983,  3.4,99,1148.59, 741.86, 960.99, 615.67, 894.35, 0.006, 0.004, 0.002, 0.002, 0.002,1.5482,0.7720,1.5609,0.6884,0.163,0.149,0.103,0.111,0.212,Na  
31487,02/28/2013,15:37:54,-39.421, -71.941, 2830,  723,36.66,1.246,0.983,  3.3,99,1156.59, 737.48, 947.90, 600.99, 872.55, 0.003, 0.003, 0.001, 0.002, 0.002,1.5683,0.7780,1.5772,0.6888,0.157,0.154,0.114,0.131,0.231,Na  
31487,02/28/2013,15:38:11,-39.421, -71.941, 2830,  723,36.63,1.245,0.983,  3.3,99,1125.00, 715.47, 924.02, 581.97, 845.23, 0.003, 0.002, 0.001, 0.003, 0.002,1.5724,0.7743,1.5877,0.6885,0.180,0.179,0.135,0.157,0.257,Na  
31487,02/28/2013,15:38:25,-39.421, -71.941, 2830,  723,36.60,1.245,0.983,  3.2,99,1084.46, 684.87, 891.63, 557.18, 807.92, 0.006, 0.003, 0.002, 0.004, 0.004,1.5835,0.7681,1.6003,0.6896,0.209,0.214,0.163,0.192,0.293,Na  
31487,02/28/2013,15:38:40,-39.421, -71.941, 2830,  723,36.57,1.244,0.983,  3.1,99,1076.48, 668.63, 866.07, 535.86, 777.05, 0.007, 0.007, 0.004, 0.005, 0.004,1.6100,0.7720,1.6162,0.6896,0.215,0.233,0.187,0.223,0.325,Na  
31487,02/28/2013,15:38:55,-39.421, -71.941, 2830,  723,36.55,1.244,0.983,  3.1,99,1176.22, 743.97, 938.64, 603.60, 871.65, 0.011, 0.007, 0.016, 0.016, 0.013,1.5811,0.7927,1.5551,0.6925,0.144,0.148,0.122,0.127,0.233,Na  
31487,02/28/2013,15:39:11,-39.421, -71.941, 2830,  723,36.52,1.243,0.983,  3.0,99,1167.96, 747.48, 949.72, 614.65, 887.44, 0.027, 0.007, 0.012, 0.025, 0.029,1.5627,0.7871,1.5459,0.6927,0.150,0.144,0.113,0.113,0.218,Na  
31487,02/28/2013,15:39:26,-39.421, -71.941, 2830,  723,36.49,1.243,0.983,  2.9,99,1143.72, 744.51, 977.95, 632.72, 918.53, 0.008, 0.004, 0.002, 0.001, 0.001,1.5362,0.7613,1.5456,0.6888,0.167,0.147,0.089,0.090,0.191,Na  
31487,02/28/2013,15:39:40,-39.421, -71.941, 2830,  723,36.46,1.242,0.983,  2.9,99,1151.62, 735.33, 961.23, 605.56, 882.06, 0.004, 0.003, 0.001, 0.002, 0.001,1.5661,0.7650,1.5873,0.6865,0.162,0.158,0.103,0.125,0.223,Na  
31487,02/28/2013,15:39:55,-39.421, -71.941, 2830,  723,36.44,1.242,0.983,  2.8,99,1157.14, 729.66, 949.93, 593.12, 863.69, 0.011, 0.009, 0.003, 0.003, 0.003,1.5858,0.7681,1.6016,0.6867,0.158,0.164,0.113,0.142,0.240,Na  
31487,02/28/2013,15:40:11,-39.421, -71.941, 2830,  723,36.41,1.242,0.983,  2.8,99,1145.02, 717.46, 934.82, 581.59, 848.73, 0.008, 0.018, 0.014, 0.030, 0.023,1.5962,0.7674,1.6080,0.6852,0.167,0.178,0.126,0.158,0.255,Na  
31487,02/28/2013,15:40:26,-39.421, -71.941, 2830,  723,36.38,1.241,0.983,  2.7,99,1128.07, 747.80, 960.88, 633.68, 919.83, 0.003, 0.001, 0.001, 0.002, 0.001,1.5085,0.7782,1.5163,0.6889,0.179,0.144,0.104,0.088,0.190,Na  
31487,02/28/2013,15:40:41,-39.421, -71.941, 2830,  723,36.35,1.241,0.983,  2.7,99,1115.77, 739.03, 952.71, 625.80, 908.04, 0.004, 0.002, 0.001, 0.002, 0.002,1.5098,0.7757,1.5224,0.6892,0.188,0.154,0.111,0.099,0.200,Na  
31487,02/28/2013,15:40:55,-39.421, -71.941, 2830,  723,36.33,1.240,0.983,  2.6,99,1146.68, 749.48, 955.36, 632.87, 912.38, 0.002, 0.002, 0.001, 0.001, 0.001,1.5300,0.7845,1.5096,0.6936,0.166,0.143,0.108,0.090,0.197,Na  
31487,02/28/2013,15:41:11,-39.421, -71.941, 2830,  723,36.30,1.240,0.983,  2.6,99,1190.61, 766.61, 972.73, 639.77, 922.84, 0.001, 0.001, 0.001, 0.001, 0.001,1.5531,0.7881,1.5204,0.6933,0.136,0.125,0.094,0.081,0.187,Na  
31487,02/28/2013,15:41:25,-39.421, -71.941, 2830,  723,36.27,1.239,0.983,  2.6,99,1150.48, 749.31, 975.62, 639.79, 924.99, 0.005, 0.003, 0.002, 0.002, 0.002,1.5354,0.7680,1.5249,0.6917,0.164,0.143,0.092,0.081,0.186,Na  
31487,02/28/2013,15:41:40,-39.421, -71.941, 2830,  723,36.24,1.239,0.983,  2.6,99,1130.52, 740.91, 975.49, 637.69, 923.85, 0.004, 0.002, 0.001, 0.001, 0.002,1.5259,0.7595,1.5297,0.6902,0.178,0.152,0.092,0.084,0.187,Na  
31487,02/28/2013,15:41:54,-39.421, -71.941, 2830,  723,36.22,1.239,0.983,  2.5,99,1162.67, 753.45, 982.24, 637.88, 924.99, 0.005, 0.002, 0.001, 0.002, 0.002,1.5431,0.7671,1.5398,0.6896,0.156,0.139,0.086,0.083,0.186,Na  
31487,02/28/2013,15:42:11,-39.421, -71.941, 2830,  723,36.19,1.238,0.983,  2.5,99,1156.24, 749.70, 979.10, 631.70, 917.92, 0.003, 0.001, 0.001, 0.001, 0.001,1.5423,0.7657,1.5499,0.6882,0.160,0.143,0.089,0.091,0.192,Na  
31487,02/28/2013,15:42:26,-39.421, -71.941, 2830,  723,36.16,1.238,0.983,  2.5,99,1169.75, 751.69, 975.03, 624.62, 907.71, 0.005, 0.002, 0.001, 0.002, 0.002,1.5562,0.7709,1.5610,0.6881,0.151,0.141,0.092,0.100,0.201,Na  
31487,02/28/2013,15:42:40,-39.421, -71.941, 2830,  723,36.14,1.237,0.983,  2.5,99,1192.06, 758.52, 973.68, 618.70, 898.98, 0.001, 0.002, 0.001, 0.001, 0.001,1.5716,0.7790,1.5738,0.6882,0.136,0.134,0.093,0.108,0.209,Na  
31487,02/28/2013,15:42:55,-39.421, -71.941, 2830,  723,36.11,1.237,0.983,  2.5,99,1173.06, 754.73, 972.93, 628.88, 908.74, 0.032, 0.015, 0.010, 0.010, 0.011,1.5540,0.7758,1.5472,0.6921,0.149,0.138,0.094,0.095,0.200,Na  
31487,02/28/2013,15:43:11,-39.421, -71.941, 2830,  723,36.08,1.236,0.983,  2.4,99,1182.26, 765.41, 982.49, 641.66, 930.22, 0.003, 0.001, 0.001, 0.001, 0.001,1.5446,0.7791,1.5312,0.6898,0.143,0.127,0.086,0.079,0.181,Na  
31487,02/28/2013,15:43:26,-39.421, -71.941, 2830,  723,36.05,1.236,0.983,  2.4,99,1172.28, 759.34, 978.22, 635.43, 923.37, 0.002, 0.001, 0.001, 0.001, 0.001,1.5438,0.7762,1.5395,0.6882,0.150,0.133,0.090,0.087,0.188,Na  
31487,02/28/2013,15:43:40,-39.421, -71.941, 2830,  723,36.03,1.236,0.983,  2.4,99,1156.68, 749.00, 967.42, 624.29, 907.22, 0.009, 0.005, 0.001, 0.002, 0.002,1.5443,0.7742,1.5496,0.6881,0.161,0.144,0.099,0.101,0.202,Na  
31487,02/28/2013,15:43:55,-39.421, -71.941, 2830,  723,36.00,1.235,0.983,  2.4,99,1194.90, 766.10, 981.93, 640.16, 925.31, 0.002, 0.001, 0.001, 0.001, 0.001,1.5597,0.7802,1.5339,0.6918,0.135,0.126,0.087,0.081,0.186,Na  
31487,02/28/2013,15:44:11,-39.421, -71.941, 2830,  723,35.97,1.235,0.983,  2.4,99,1183.72, 761.41, 983.08, 637.95, 923.90, 0.006, 0.004, 0.001, 0.002, 0.001,1.5546,0.7745,1.5410,0.6905,0.143,0.131,0.086,0.084,0.187,Na  
31487,02/28/2013,15:44:26,-39.421, -71.941, 2830,  723,35.95,1.234,0.983,  2.4,99,1183.22, 760.83, 984.84, 633.87, 920.85, 0.004, 0.002, 0.001, 0.001, 0.001,1.5552,0.7725,1.5537,0.6884,0.143,0.132,0.084,0.089,0.190,Na  
31487,02/28/2013,15:44:41,-39.421, -71.941, 2830,  723,35.92,1.234,0.983,  2.4,99,1193.71, 763.97, 984.27, 630.33, 915.44, 0.002, 0.002, 0.000, 0.001, 0.001,1.5625,0.7762,1.5615,0.6885,0.136,0.129,0.085,0.093,0.195,Na  
31487,02/28/2013,15:44:55,-39.421, -71.941, 2830,  723,35.90,1.233,0.983,  2.3,99,1129.04, 731.73, 965.60, 615.90, 897.08, 0.013, 0.008, 0.003, 0.004, 0.004,1.5429,0.7578,1.5678,0.6866,0.181,0.164,0.100,0.112,0.211,Na  
31487,02/28/2013,15:45:11,-39.421, -71.941, 2830,  723,35.87,1.233,0.983,  2.3,99,1125.98, 726.55, 956.71, 605.57, 883.80, 0.005, 0.005, 0.002, 0.003, 0.004,1.5498,0.7594,1.5799,0.6852,0.184,0.170,0.108,0.126,0.224,Na  
31487,02/28/2013,15:45:25,-39.421, -71.941, 2830,  723,35.84,1.233,0.983,  2.3,99,1096.91, 704.35, 935.10, 586.11, 854.65, 0.015, 0.008, 0.003, 0.006, 0.005,1.5573,0.7532,1.5954,0.6858,0.205,0.195,0.127,0.152,0.251,Na  
31487,02/28/2013,15:45:40,-39.421, -71.941, 2830,  723,35.82,1.232,0.983,  2.3,99,1124.94, 707.00, 924.32, 573.57, 835.66, 0.005, 0.003, 0.003, 0.005, 0.005,1.5911,0.7649,1.6115,0.6864,0.185,0.192,0.136,0.170,0.269,Na  
31487,02/28/2013,15:45:54,-39.421, -71.941, 2830,  723,35.79,1.232,0.983,  2.3,99,1125.96, 694.77, 903.71, 554.55, 807.79, 0.005, 0.005, 0.003, 0.002, 0.003,1.6206,0.7688,1.6296,0.6865,0.184,0.206,0.154,0.197,0.297,Na  
31487,02/28/2013,15:46:11,-39.421, -71.941, 2830,  723,35.76,1.231,0.983,  2.3,99,1133.20, 749.74, 959.97, 635.01, 921.22, 0.024, 0.005, 0.006, 0.009, 0.010,1.5114,0.7810,1.5119,0.6893,0.179,0.145,0.105,0.088,0.190,Na  
31487,02/28/2013,15:46:26,-39.421, -71.941, 2830,  723,35.74,1.231,0.983,  2.3,99,1153.22, 760.97, 966.97, 640.40, 929.21, 0.001, 0.002, 0.001, 0.001, 0.001,1.5155,0.7870,1.5099,0.6892,0.165,0.133,0.100,0.081,0.183,Na  
31487,02/28/2013,15:46:40,-39.421, -71.941, 2830,  723,35.71,1.231,0.983,  2.2,99,1138.12, 751.89, 963.98, 635.84, 924.00, 0.005, 0.002, 0.001, 0.001, 0.001,1.5137,0.7800,1.5161,0.6881,0.176,0.143,0.102,0.087,0.188,Na  
31487,02/28/2013,15:46:55,-39.421, -71.941, 2830,  723,35.69,1.230,0.983,  2.2,99,1150.36, 752.34, 961.06, 628.37, 913.39, 0.002, 0.001, 0.001, 0.001, 0.001,1.5291,0.7828,1.5295,0.6880,0.168,0.142,0.105,0.096,0.197,Na  
31487,02/28/2013,15:47:11,-39.421, -71.941, 2830,  723,35.66,1.230,0.983,  2.2,99,1182.04, 752.13, 971.92, 615.38, 896.51, 0.004, 0.002, 0.001, 0.001, 0.002,1.5716,0.7739,1.5794,0.6864,0.146,0.143,0.096,0.113,0.212,Na  
31487,02/28/2013,15:47:26,-39.421, -71.941, 2830,  723,35.63,1.229,0.983,  2.2,99,1161.25, 739.53, 961.77, 605.75, 883.53, 0.002, 0.001, 0.001, 0.002, 0.001,1.5703,0.7689,1.5877,0.6856,0.160,0.156,0.104,0.126,0.224,Na  
31487,02/28/2013,15:47:40,-39.421, -71.941, 2830,  723,35.61,1.229,0.983,  2.2,99,1154.28, 728.29, 946.47, 591.16, 861.85, 0.003, 0.001, 0.002, 0.002, 0.002,1.5849,0.7695,1.6010,0.6859,0.165,0.169,0.117,0.146,0.245,Na  
31487,02/28/2013,15:47:55,-39.421, -71.941, 2830,  723,35.58,1.229,0.983,  2.2,99,1141.96, 713.34, 927.37, 573.56, 837.49, 0.003, 0.003, 0.002, 0.003, 0.002,1.6009,0.7692,1.6169,0.6849,0.174,0.186,0.134,0.171,0.268,Na  
31487,02/28/2013,15:48:12,-39.421, -71.941, 2830,  723,35.56,1.228,0.983,  2.1,99,1118.96, 690.48, 899.82, 551.31, 805.07, 0.005, 0.002, 0.001, 0.003, 0.002,1.6206,0.7674,1.6322,0.6848,0.191,0.213,0.158,0.203,0.300,Na  
31487,02/28/2013,15:48:26,-39.421, -71.941, 2830,  723,35.53,1.228,0.983,  2.1,99,1047.42, 647.10, 863.12, 525.72, 767.88, 0.003, 0.003, 0.003, 0.003, 0.003,1.6186,0.7497,1.6418,0.6846,0.245,0.266,0.192,0.242,0.339,Na  
31487,02/28/2013,15:48:41,-39.421, -71.941, 2830,  723,35.51,1.228,0.983,  2.1,99,1119.59, 725.73, 963.07, 615.06, 894.64, 0.015, 0.015, 0.007, 0.014, 0.013,1.5428,0.7535,1.5660,0.6875,0.191,0.172,0.103,0.114,0.215,Na  
31487,02/28/2013,15:48:55,-39.421, -71.941, 2830,  723,35.48,1.227,0.983,  2.1,99,1172.15, 743.49, 965.67, 605.91, 884.35, 0.007, 0.004, 0.001, 0.001, 0.001,1.5765,0.7699,1.5938,0.6851,0.153,0.153,0.101,0.126,0.224,Na  
31487,02/28/2013,15:49:11,-39.421, -71.941, 2830,  723,35.46,1.227,0.983,  2.1,99,1170.33, 737.22, 957.52, 596.80, 872.56, 0.003, 0.004, 0.004, 0.012, 0.013,1.5875,0.7699,1.6045,0.6840,0.155,0.160,0.108,0.139,0.235,Na  
31487,02/28/2013,15:49:25,-39.421, -71.941, 2830,  723,35.43,1.226,0.983,  2.1,99,1175.12, 756.83, 979.73, 636.46, 923.02, 0.009, 0.006, 0.002, 0.001, 0.002,1.5527,0.7725,1.5393,0.6895,0.152,0.138,0.089,0.086,0.189,Na  
31487,02/28/2013,15:49:40,-39.421, -71.941, 2830,  723,35.41,1.226,0.983,  2.1,99,1160.70, 750.57, 979.08, 634.57, 921.07, 0.009, 0.006, 0.002, 0.001, 0.001,1.5464,0.7666,1.5429,0.6890,0.162,0.145,0.090,0.089,0.191,Na  
31487,02/28/2013,15:49:54,-39.421, -71.941, 2830,  723,35.38,1.226,0.983,  2.1,99,1167.84, 752.84, 980.77, 631.03, 917.98, 0.003, 0.002, 0.001, 0.001, 0.001,1.5512,0.7676,1.5542,0.6874,0.157,0.143,0.089,0.093,0.194,Na  
31487,02/28/2013,15:50:11,-39.421, -71.941, 2830,  723,35.36,1.225,0.983,  2.1,99,1095.70, 719.44, 965.22, 621.04, 906.96, 0.027, 0.019, 0.005, 0.003, 0.003,1.5228,0.7453,1.5542,0.6848,0.209,0.180,0.102,0.106,0.204,Na  
31487,02/28/2013,15:50:26,-39.421, -71.941, 2830,  723,35.33,1.225,0.983,  2.1,99,1149.26, 738.55, 968.40, 614.19, 896.84, 0.005, 0.003, 0.002, 0.002, 0.003,1.5561,0.7627,1.5767,0.6848,0.170,0.159,0.099,0.115,0.213,Na  
31487,02/28/2013,15:50:40,-39.421, -71.941, 2830,  723,35.31,1.224,0.983,  2.1,99,1154.67, 733.47, 955.30, 599.18, 875.05, 0.006, 0.003, 0.001, 0.002, 0.003,1.5742,0.7678,1.5943,0.6847,0.167,0.164,0.110,0.136,0.233,Na  
31487,02/28/2013,15:50:55,-39.421, -71.941, 2830,  723,35.28,1.224,0.983,  2.0,99,1134.79, 717.06, 938.64, 584.51, 853.71, 0.005, 0.002, 0.001, 0.003, 0.003,1.5826,0.7639,1.6059,0.6847,0.181,0.183,0.125,0.156,0.253,Na  
31487,02/28/2013,15:51:11,-39.421, -71.941, 2830,  723,35.26,1.224,0.983,  2.0,99,1132.40, 706.23, 920.68, 568.37, 829.69, 0.004, 0.004, 0.003, 0.003, 0.004,1.6034,0.7671,1.6199,0.6850,0.183,0.196,0.140,0.179,0.277,Na  
31487,02/28/2013,15:51:26,-39.421, -71.941, 2830,  723,35.23,1.223,0.983,  2.0,99,1188.05, 761.98, 983.96, 636.78, 924.82, 0.002, 0.002, 0.001, 0.001, 0.001,1.5592,0.7744,1.5452,0.6886,0.144,0.134,0.086,0.086,0.188,Na  
31487,02/28/2013,15:51:40,-39.421, -71.941, 2830,  723,35.21,1.223,0.983,  2.0,99,1181.87, 758.14, 982.17, 630.77, 917.94, 0.006, 0.003, 0.001, 0.002, 0.001,1.5589,0.7719,1.5571,0.6872,0.148,0.138,0.088,0.094,0.194,Na  
31487,02/28/2013,15:51:55,-39.421, -71.941, 2830,  723,35.19,1.223,0.983,  2.0,99,1197.35, 762.83, 981.63, 626.73, 912.72, 0.002, 0.002, 0.001, 0.001, 0.001,1.5696,0.7771,1.5663,0.6867,0.138,0.133,0.088,0.099,0.199,Na  
31487,02/28/2013,15:52:12,-39.421, -71.941, 2830,  723,35.16,1.222,0.983,  2.0,99,1173.87, 748.52, 968.96, 613.75, 895.36, 0.003, 0.002, 0.001, 0.002, 0.002,1.5683,0.7725,1.5788,0.6855,0.154,0.148,0.099,0.116,0.215,Na  
31487,02/28/2013,15:52:26,-39.421, -71.941, 2830,  723,35.14,1.222,0.983,  2.0,99,1162.00, 738.02, 957.83, 603.11, 879.92, 0.003, 0.002, 0.001, 0.002, 0.003,1.5745,0.7705,1.5882,0.6854,0.163,0.160,0.108,0.131,0.229,Na  
31487,02/28/2013,15:52:41,-39.421, -71.941, 2830,  723,35.11,1.222,0.983,  2.0,99,1191.08, 769.21, 978.35, 644.65, 934.59, 0.002, 0.001, 0.001, 0.001, 0.001,1.5484,0.7862,1.5177,0.6898,0.143,0.126,0.091,0.076,0.180,Na  
31487,02/28/2013,15:52:55,-39.421, -71.941, 2830,  723,35.09,1.221,0.983,  2.0,99,1172.88, 761.54, 979.09, 642.99, 933.89, 0.007, 0.006, 0.002, 0.001, 0.001,1.5401,0.7778,1.5227,0.6885,0.155,0.135,0.090,0.078,0.181,Na  
31487,02/28/2013,15:53:12,-39.421, -71.941, 2830,  723,35.06,1.221,0.983,  2.0,99,1188.38, 766.74, 981.61, 641.64, 932.45, 0.001, 0.001, 0.001, 0.001, 0.001,1.5499,0.7811,1.5298,0.6881,0.145,0.129,0.088,0.080,0.182,Na  
31487,02/28/2013,15:53:26,-39.421, -71.941, 2830,  723,35.04,1.220,0.983,  2.0,99,1171.45, 759.32, 976.55, 636.14, 924.71, 0.003, 0.002, 0.001, 0.001, 0.001,1.5428,0.7776,1.5351,0.6879,0.157,0.137,0.093,0.087,0.189,Na  
31487,02/28/2013,15:53:41,-39.421, -71.941, 2830,  723,35.02,1.220,0.983,  2.0,99,1177.27, 759.10, 970.84, 637.31, 921.37, 0.003, 0.003, 0.001, 0.001, 0.001,1.5509,0.7819,1.5233,0.6917,0.153,0.137,0.097,0.086,0.192,Na  
31487,02/28/2013,15:53:56,-39.421, -71.941, 2830,  723,34.99,1.220,0.983,  2.0,99,1191.48, 764.68, 981.90, 639.66, 926.10, 0.005, 0.004, 0.001, 0.001, 0.001,1.5581,0.7788,1.5350,0.6907,0.143,0.132,0.088,0.083,0.188,Na  
31487,02/28/2013,15:54:11,-39.421, -71.941, 2830,  723,34.97,1.219,0.983,  2.0,99,1178.88, 758.38, 982.20, 637.62, 925.34, 0.003, 0.002, 0.001, 0.001, 0.000,1.5545,0.7721,1.5404,0.6891,0.152,0.138,0.088,0.085,0.188,Na  
31487,02/28/2013,15:54:26,-39.421, -71.941, 2830,  723,34.94,1.219,0.983,  2.0,99,1172.66, 756.10, 980.78, 632.84, 920.52, 0.002, 0.002, 0.002, 0.001, 0.001,1.5509,0.7709,1.5498,0.6875,0.156,0.141,0.089,0.091,0.193,Na  
31487,02/28/2013,16:07:58,-39.421, -71.941, 2830,  723,33.79,1.202,0.983,  4.2,99,1193.17, 761.76, 967.92, 632.66, 913.32, 0.011, 0.006, 0.020, 0.016, 0.013,1.5664,0.7873,1.5302,0.6927,0.148,0.139,0.102,0.093,0.202,Na  
31487,02/28/2013,16:09:02,-39.421, -71.941, 2830,  723,33.71,1.201,0.983,  4.3,99,1191.89, 761.09, 972.35, 636.28, 923.59, 0.012, 0.005, 0.006, 0.009, 0.007,1.5661,0.7828,1.5283,0.6889,0.150,0.140,0.098,0.088,0.193,Na  
31487,02/28/2013,16:09:37,-39.421, -71.941, 2830,  723,33.66,1.201,0.983,  4.2,99,1228.04, 776.20, 979.26, 639.06, 926.69, 0.016, 0.005, 0.007, 0.008, 0.007,1.5821,0.7927,1.5324,0.6896,0.125,0.124,0.092,0.085,0.190,Na  
31487,02/28/2013,16:09:51,-39.421, -71.941, 2830,  723,33.65,1.200,0.983,  4.2,99,1224.35, 776.05, 978.73, 641.68, 929.49, 0.009, 0.004, 0.008, 0.004, 0.006,1.5777,0.7929,1.5253,0.6904,0.128,0.124,0.093,0.081,0.188,Na  
31487,02/28/2013,16:11:37,-39.421, -71.941, 2830,  723,33.51,1.199,0.983,  4.0,99,1231.90, 771.91, 981.60, 629.13, 914.94, 0.003, 0.001, 0.001, 0.003, 0.004,1.5959,0.7864,1.5603,0.6876,0.123,0.129,0.091,0.098,0.201,Na  
31487,02/28/2013,16:11:48,-39.421, -71.941, 2830,  723,33.50,1.198,0.983,  4.0,99,1236.15, 774.25, 984.28, 631.15, 918.95, 0.001, 0.001, 0.002, 0.004, 0.004,1.5966,0.7866,1.5595,0.6868,0.120,0.127,0.088,0.095,0.198,Na  
31487,02/28/2013,16:11:59,-39.421, -71.941, 2830,  723,33.49,1.198,0.983,  3.9,99,1235.32, 775.34, 984.58, 634.86, 922.40, 0.004, 0.002, 0.001, 0.005, 0.005,1.5933,0.7875,1.5509,0.6883,0.121,0.125,0.088,0.090,0.194,Na  
31487,02/28/2013,16:12:11,-39.421, -71.941, 2830,  723,33.47,1.198,0.983,  3.9,99,1228.74, 770.91, 982.65, 632.30, 920.50, 0.003, 0.002, 0.002, 0.002, 0.003,1.5939,0.7845,1.5541,0.6869,0.126,0.130,0.090,0.094,0.196,Na  
31487,02/28/2013,16:12:22,-39.421, -71.941, 2830,  723,33.46,1.198,0.983,  3.8,99,1229.62, 768.96, 981.18, 625.86, 911.74, 0.004, 0.004, 0.002, 0.007, 0.007,1.5991,0.7837,1.5678,0.6865,0.125,0.132,0.091,0.102,0.204,Na  
31487,02/28/2013,16:12:33,-39.421, -71.941, 2830,  723,33.45,1.198,0.983,  3.8,99,1233.55, 772.03, 982.58, 628.53, 915.29, 0.001, 0.001, 0.001, 0.003, 0.003,1.5978,0.7857,1.5633,0.6867,0.122,0.129,0.090,0.099,0.201,Na  
31487,02/28/2013,16:13:23,-39.421, -71.941, 2830,  723,33.39,1.197,0.983,  3.5,99,1230.34, 775.04, 982.84, 636.42, 926.88, 0.003, 0.001, 0.001, 0.003, 0.003,1.5875,0.7886,1.5443,0.6866,0.125,0.126,0.090,0.089,0.191,Na  
31487,02/28/2013,16:14:00,-39.421, -71.941, 2830,  723,33.34,1.196,0.983,  3.3,99,1223.60, 772.55, 982.63, 637.50, 925.36, 0.006, 0.003, 0.001, 0.004, 0.005,1.5838,0.7862,1.5414,0.6889,0.130,0.129,0.090,0.087,0.192,Na  
31487,02/28/2013,16:14:11,-39.421, -71.941, 2830,  723,33.33,1.196,0.983,  3.3,99,1215.39, 774.17, 979.18, 641.59, 932.41, 0.004, 0.003, 0.003, 0.002, 0.002,1.5700,0.7906,1.5262,0.6881,0.135,0.127,0.093,0.082,0.186,Na  
31487,02/28/2013,16:14:22,-39.421, -71.941, 2830,  723,33.32,1.196,0.983,  3.2,99,1228.05, 776.23, 980.66, 639.87, 930.09, 0.008, 0.001, 0.003, 0.004, 0.004,1.5821,0.7915,1.5326,0.6880,0.127,0.125,0.092,0.084,0.188,Na  
31487,02/28/2013,16:14:35,-39.421, -71.941, 2830,  723,33.30,1.196,0.983,  3.2,99,1234.16, 776.54, 985.55, 640.02, 930.49, 0.002, 0.002, 0.001, 0.003, 0.003,1.5893,0.7879,1.5399,0.6878,0.123,0.125,0.087,0.084,0.188,Na  
31487,02/28/2013,16:14:46,-39.421, -71.941, 2830,  723,33.29,1.195,0.983,  3.1,99,1214.59, 769.33, 978.03, 635.42, 925.18, 0.008, 0.003, 0.005, 0.006, 0.004,1.5788,0.7866,1.5392,0.6868,0.136,0.133,0.094,0.090,0.192,Na  
31487,02/28/2013,16:14:58,-39.421, -71.941, 2830,  723,33.28,1.195,0.983,  3.1,99,1226.40, 773.65, 981.29, 636.24, 927.80, 0.003, 0.002, 0.002, 0.004, 0.003,1.5852,0.7884,1.5423,0.6858,0.128,0.128,0.091,0.089,0.190,Na  
31487,02/28/2013,16:15:12,-39.421, -71.941, 2830,  723,33.26,1.195,0.983,  3.0,99,1230.39, 772.94, 982.64, 634.69, 925.34, 0.005, 0.002, 0.002, 0.005, 0.005,1.5918,0.7866,1.5482,0.6859,0.126,0.129,0.090,0.091,0.192,Na  
31487,02/28/2013,16:15:23,-39.421, -71.941, 2830,  723,33.25,1.195,0.983,  3.0,99,1220.60, 772.45, 981.68, 641.57, 934.69, 0.003, 0.001, 0.001, 0.001, 0.001,1.5802,0.7869,1.5301,0.6864,0.132,0.129,0.091,0.082,0.184,Na  
31487,02/28/2013,16:15:34,-39.421, -71.941, 2830,  723,33.24,1.195,0.983,  2.9,99,1228.02, 775.47, 981.50, 642.42, 934.44, 0.002, 0.001, 0.002, 0.002, 0.002,1.5836,0.7901,1.5278,0.6875,0.127,0.126,0.091,0.081,0.184,Na  
31487,02/28/2013,16:16:09,-39.421, -71.941, 2830,  723,33.20,1.194,0.983,  2.7,99,1206.00, 767.30, 969.90, 635.96, 923.12, 0.015, 0.005, 0.010, 0.011, 0.010,1.5718,0.7912,1.5253,0.6889,0.143,0.135,0.101,0.089,0.194,Na  
31487,02/28/2013,16:16:21,-39.421, -71.941, 2830,  723,33.18,1.194,0.983,  2.7,99,1214.78, 768.83, 973.94, 637.79, 929.78, 0.007, 0.002, 0.005, 0.008, 0.004,1.5800,0.7894,1.5272,0.6859,0.137,0.134,0.098,0.087,0.188,Na  
31487,02/28/2013,16:16:32,-39.421, -71.941, 2830,  723,33.17,1.194,0.983,  2.7,99,1217.90, 770.39, 977.75, 640.42, 932.52, 0.004, 0.001, 0.004, 0.003, 0.002,1.5809,0.7879,1.5268,0.6868,0.135,0.132,0.094,0.084,0.186,Na  
31487,02/28/2013,16:16:43,-39.421, -71.941, 2830,  723,33.16,1.194,0.983,  2.6,99,1231.72, 773.79, 982.44, 640.33, 932.37, 0.003, 0.003, 0.002, 0.002, 0.001,1.5918,0.7876,1.5343,0.6868,0.125,0.128,0.090,0.084,0.186,Na  
31487,02/28/2013,16:16:54,-39.421, -71.941, 2830,  723,33.15,1.194,0.983,  2.6,99,1227.46, 771.38, 980.89, 638.32, 928.89, 0.005, 0.003, 0.003, 0.004, 0.005,1.5912,0.7864,1.5367,0.6872,0.128,0.131,0.092,0.086,0.189,Na  
31487,02/28/2013,16:17:08,-39.421, -71.941, 2830,  723,33.13,1.193,0.983,  2.6,99,1213.25, 764.27, 976.97, 631.82, 921.54, 0.006, 0.003, 0.002, 0.007, 0.005,1.5875,0.7823,1.5463,0.6856,0.138,0.139,0.095,0.095,0.196,Na  
31487,02/28/2013,16:17:19,-39.421, -71.941, 2830,  723,33.12,1.193,0.983,  2.5,99,1235.79, 774.38, 982.01, 636.42, 927.77, 0.005, 0.002, 0.002, 0.004, 0.004,1.5958,0.7886,1.5430,0.6860,0.123,0.128,0.091,0.089,0.190,Na  
31487,02/28/2013,16:17:30,-39.421, -71.941, 2830,  723,33.11,1.193,0.983,  2.5,99,1235.21, 774.91, 982.29, 635.52, 928.18, 0.004, 0.002, 0.002, 0.005, 0.003,1.5940,0.7889,1.5457,0.6847,0.123,0.127,0.091,0.090,0.190,Na  
31487,02/28/2013,16:17:42,-39.421, -71.941, 2830,  723,33.10,1.193,0.983,  2.5,99,1237.36, 774.52, 981.93, 634.70, 923.70, 0.009, 0.002, 0.002, 0.007, 0.007,1.5976,0.7888,1.5471,0.6871,0.122,0.128,0.091,0.091,0.194,Na  
31487,02/28/2013,16:17:53,-39.421, -71.941, 2830,  723,33.08,1.193,0.983,  2.5,99,1220.77, 773.30, 973.90, 639.33, 931.55, 0.016, 0.005, 0.007, 0.006, 0.006,1.5786,0.7940,1.5233,0.6863,0.133,0.129,0.098,0.085,0.187,Na  
31487,02/28/2013,16:18:29,-39.421, -71.941, 2830,  723,33.05,1.192,0.983,  2.4,99,1236.77, 771.67, 978.44, 632.04, 924.07, 0.005, 0.003, 0.004, 0.010, 0.007,1.6027,0.7887,1.5482,0.6840,0.122,0.131,0.094,0.095,0.194,Na  
31487,02/28/2013,16:18:48,-39.421, -71.941, 2830,  723,33.03,1.192,0.983,  2.3,99,1239.76, 772.62, 982.09, 634.95, 924.57, 0.011, 0.007, 0.003, 0.007, 0.009,1.6046,0.7867,1.5468,0.6868,0.120,0.130,0.091,0.091,0.194,Na  
31487,02/28/2013,16:19:01,-39.421, -71.941, 2830,  723,33.01,1.192,0.983,  2.3,99,1238.07, 774.28, 982.09, 636.82, 930.92, 0.007, 0.004, 0.003, 0.007, 0.006,1.5990,0.7884,1.5423,0.6841,0.122,0.128,0.091,0.088,0.188,Na  
31487,02/28/2013,16:19:12,-39.421, -71.941, 2830,  723,33.00,1.192,0.983,  2.3,99,1218.62, 767.62, 977.79, 635.90, 930.50, 0.005, 0.002, 0.002, 0.002, 0.002,1.5875,0.7851,1.5377,0.6834,0.135,0.136,0.094,0.090,0.188,Na  
31487,02/28/2013,16:19:23,-39.421, -71.941, 2830,  723,32.99,1.191,0.983,  2.2,99,1231.34, 770.98, 982.22, 635.82, 928.61, 0.011, 0.004, 0.002, 0.006, 0.006,1.5971,0.7849,1.5448,0.6847,0.126,0.132,0.091,0.090,0.190,Na  
31487,02/28/2013,16:19:34,-39.421, -71.941, 2830,  723,32.98,1.191,0.983,  2.2,99,1241.37, 775.04, 982.26, 637.56, 931.77, 0.005, 0.001, 0.003, 0.004, 0.003,1.6017,0.7890,1.5407,0.6842,0.119,0.128,0.091,0.087,0.187,Na  
31487,02/28/2013,16:19:46,-39.421, -71.941, 2830,  723,32.96,1.191,0.983,  2.2,99,1237.87, 772.47, 979.83, 633.80, 926.35, 0.006, 0.002, 0.004, 0.006, 0.005,1.6025,0.7884,1.5460,0.6842,0.122,0.130,0.093,0.092,0.192,Na  
31487,02/28/2013,16:19:56,-39.421, -71.941, 2830,  723,32.95,1.191,0.983,  2.2,99,1135.02, 714.62, 918.87, 594.41, 852.64, 0.053, 0.040, 0.042, 0.038, 0.053,1.5880,0.7780,1.5460,0.6979,0.195,0.196,0.147,0.146,0.262,Na  
31487,02/28/2013,16:20:09,-39.421, -71.941, 2830,  723,32.94,1.191,0.983,  2.2,99,1225.60, 759.95, 963.89, 619.07, 900.70, 0.015, 0.010, 0.011, 0.015, 0.019,1.6127,0.7884,1.5572,0.6874,0.130,0.144,0.107,0.112,0.216,Na  
31487,02/28/2013,16:20:21,-39.421, -71.941, 2830,  723,32.93,1.191,0.983,  2.2,99,1199.55, 759.00, 971.84, 632.72, 925.43, 0.012, 0.004, 0.005, 0.006, 0.004,1.5804,0.7810,1.5360,0.6837,0.148,0.145,0.100,0.094,0.193,Na  
31487,02/28/2013,16:20:48,-39.421, -71.941, 2830,  723,32.90,1.190,0.983,  2.2,99,1238.22, 771.79, 980.50, 632.33, 925.27, 0.009, 0.005, 0.004, 0.007, 0.006,1.6043,0.7871,1.5506,0.6834,0.122,0.131,0.092,0.094,0.193,Na  
31487,02/28/2013,16:21:09,-39.421, -71.941, 2830,  723,32.88,1.190,0.983,  2.2,99,1208.00, 769.69, 967.54, 640.04, 931.71, 0.010, 0.003, 0.007, 0.004, 0.004,1.5694,0.7955,1.5117,0.6869,0.143,0.134,0.104,0.084,0.187,Na  
31487,02/28/2013,16:21:21,-39.421, -71.941, 2830,  723,32.87,1.190,0.983,  2.3,99, 813.44, 527.86, 771.18, 539.90, 824.09, 0.182, 0.159, 0.119, 0.087, 0.064,1.5373,0.6821,1.4249,0.6543,0.475,0.451,0.294,0.227,0.291,Na  
31487,02/28/2013,16:21:32,-39.421, -71.941, 2830,  723,32.86,1.190,0.983,  2.3,99,1223.05, 766.74, 979.29, 632.79, 925.75, 0.007, 0.003, 0.001, 0.008, 0.007,1.5951,0.7830,1.5477,0.6835,0.133,0.137,0.093,0.094,0.193,Na  
31487,02/28/2013,16:21:43,-39.421, -71.941, 2830,  723,32.85,1.189,0.983,  2.3,99,1232.91, 774.99, 980.81, 642.72, 937.53, 0.004, 0.002, 0.002, 0.002, 0.001,1.5909,0.7902,1.5260,0.6855,0.126,0.128,0.092,0.081,0.182,Na  
31487,02/28/2013,16:21:54,-39.421, -71.941, 2830,  723,32.84,1.189,0.983,  2.3,99,1241.89, 776.70, 980.96, 641.04, 935.70, 0.003, 0.001, 0.003, 0.002, 0.003,1.5989,0.7918,1.5303,0.6851,0.120,0.126,0.092,0.083,0.184,Na  
31487,02/28/2013,16:22:07,-39.421, -71.941, 2830,  723,32.82,1.189,0.983,  2.3,99,1235.69, 776.66, 981.54, 643.49, 938.99, 0.004, 0.001, 0.001, 0.001, 0.001,1.5910,0.7913,1.5253,0.6853,0.124,0.126,0.092,0.080,0.181,Na  
31487,02/28/2013,16:22:18,-39.421, -71.941, 2830,  723,32.81,1.189,0.983,  2.3,99,1227.47, 768.35, 978.20, 633.26, 925.55, 0.014, 0.008, 0.004, 0.009, 0.009,1.5975,0.7855,1.5448,0.6842,0.130,0.135,0.094,0.093,0.193,Na  
31487,02/28/2013,16:22:29,-39.421, -71.941, 2830,  723,32.80,1.189,0.983,  2.3,99,1232.72, 772.43, 980.51, 636.49, 930.23, 0.008, 0.003, 0.002, 0.008, 0.007,1.5959,0.7878,1.5406,0.6842,0.126,0.131,0.092,0.089,0.189,Na  
31487,02/28/2013,16:22:40,-39.421, -71.941, 2830,  723,32.79,1.189,0.983,  2.3,99,1214.83, 765.37, 978.81, 638.77, 933.61, 0.006, 0.002, 0.003, 0.005, 0.004,1.5872,0.7819,1.5324,0.6842,0.139,0.139,0.094,0.086,0.186,Na  
31487,02/28/2013,16:24:24,-39.421, -71.941, 2830,  723,32.69,1.187,0.983,  2.5,99,1236.18, 776.23, 983.17, 640.94, 939.51, 0.004, 0.003, 0.002, 0.002, 0.002,1.5925,0.7895,1.5340,0.6822,0.124,0.127,0.090,0.083,0.181,Na  
31487,02/28/2013,16:24:35,-39.421, -71.941, 2830,  723,32.68,1.187,0.983,  2.5,99,1232.52, 774.18, 982.45, 638.95, 937.05, 0.005, 0.002, 0.002, 0.003, 0.003,1.5920,0.7880,1.5376,0.6819,0.127,0.129,0.091,0.086,0.183,Na  
31487,02/28/2013,16:24:46,-39.421, -71.941, 2830,  723,32.67,1.187,0.983,  2.5,99,1239.68, 775.90, 983.42, 637.62, 936.05, 0.004, 0.001, 0.001, 0.003, 0.002,1.5977,0.7890,1.5423,0.6812,0.122,0.128,0.090,0.088,0.184,Na  
31487,02/28/2013,16:24:57,-39.421, -71.941, 2830,  723,32.66,1.187,0.983,  2.5,99,1225.78, 771.02, 979.94, 635.63, 933.11, 0.006, 0.003, 0.003, 0.008, 0.006,1.5898,0.7868,1.5418,0.6812,0.132,0.133,0.093,0.090,0.187,Na  
31487,02/28/2013,16:25:09,-39.421, -71.941, 2830,  723,32.65,1.187,0.983,  2.5,99,1216.31, 768.58, 979.93, 637.88, 935.63, 0.006, 0.002, 0.002, 0.003, 0.002,1.5825,0.7843,1.5362,0.6818,0.138,0.136,0.093,0.087,0.184,Na  
31487,02/28/2013,16:25:20,-39.421, -71.941, 2830,  723,32.64,1.187,0.983,  2.5,99,1208.18, 764.45, 978.54, 637.52, 936.58, 0.006, 0.002, 0.001, 0.003, 0.002,1.5804,0.7812,1.5349,0.6807,0.144,0.140,0.094,0.088,0.184,Na  
31487,02/28/2013,16:25:31,-39.421, -71.941, 2830,  723,32.63,1.187,0.983,  2.5,99,1224.88, 769.53, 981.53, 635.34, 933.53, 0.002, 0.002, 0.001, 0.003, 0.003,1.5917,0.7840,1.5449,0.6806,0.132,0.135,0.092,0.091,0.186,Na  
31487,02/28/2013,16:25:42,-39.421, -71.941, 2830,  723,32.62,1.187,0.983,  2.5,99,1216.25, 768.59, 979.06, 637.93, 935.38, 0.007, 0.005, 0.003, 0.005, 0.004,1.5825,0.7850,1.5348,0.6820,0.138,0.136,0.094,0.087,0.185,Na  
31487,02/28/2013,16:25:53,-39.421, -71.941, 2830,  723,32.61,1.186,0.983,  2.5,99,1205.76, 766.35, 978.31, 640.95, 938.30, 0.007, 0.003, 0.002, 0.001, 0.003,1.5734,0.7833,1.5263,0.6831,0.146,0.138,0.095,0.083,0.182,Na  
31487,02/28/2013,16:26:07,-39.421, -71.941, 2830,  723,32.60,1.186,0.983,  2.5,99,1207.72, 764.30, 977.03, 636.40, 933.63, 0.003, 0.002, 0.002, 0.003, 0.002,1.5802,0.7823,1.5353,0.6816,0.144,0.141,0.096,0.089,0.186,Na  
31487,02/28/2013,16:36:19,-39.421, -71.941, 2830,  723,32.14,1.180,0.983,  4.4,99,  66.79,  55.22, 203.47, 223.11, 418.66, 0.244, 0.218, 0.167, 0.150, 0.199,1.2083,0.2729,0.9152,0.5486,2.600,2.369,1.426,0.978,0.867,Na  
31487,02/28/2013,16:36:30,-39.421, -71.941, 2830,  723,32.13,1.180,0.983,  4.4,99, 956.57, 600.21, 778.77, 500.26, 719.66, 0.137, 0.128, 0.131, 0.139, 0.164,1.5958,0.7719,1.5654,0.6996,0.344,0.347,0.289,0.294,0.408,Na  
31487,02/28/2013,16:36:52,-39.421, -71.941, 2830,  723,32.12,1.180,0.983,  4.4,99,1059.49, 732.63, 887.74, 615.04, 894.95, 0.005, 0.003, 0.001, 0.001, 0.001,1.4461,0.8253,1.4434,0.6872,0.258,0.178,0.178,0.119,0.223,Na  
31487,02/28/2013,16:37:09,-39.421, -71.941, 2830,  723,32.11,1.180,0.983,  4.3,99, 156.35, 106.80, 125.31,  79.57, 117.27, 0.730, 0.744, 0.749, 0.891, 0.905,1.4731,0.8575,1.8473,0.7364,1.880,1.810,1.837,1.852,1.946,Na  
31487,02/28/2013,16:37:23,-39.421, -71.941, 2830,  723,32.10,1.180,0.983,  4.3,99, 672.95, 461.72, 693.19, 483.26, 754.21, 0.170, 0.152, 0.128, 0.229, 0.170,1.4583,0.6704,1.5359,0.6328,0.643,0.570,0.387,0.323,0.368,Na  
31487,02/28/2013,16:37:38,-39.421, -71.941, 2830,  723,32.09,1.180,0.983,  4.2,99,1013.43, 687.38, 914.85, 606.68, 900.91, 0.062, 0.036, 0.046, 0.046, 0.045,1.4768,0.7525,1.5083,0.6735,0.296,0.232,0.152,0.131,0.218,Na  
31487,02/28/2013,16:37:52,-39.421, -71.941, 2830,  723,32.09,1.179,0.983,  4.2,99, 466.03, 319.92, 585.81, 408.72, 604.30, 0.608, 0.473, 0.258, 0.220, 0.378,1.3704,0.5272,1.4399,1.7007,0.954,0.881,0.530,0.465,0.556,Na  
31487,02/28/2013,16:38:09,-39.421, -71.941, 2830,  723,32.08,1.179,0.983,  4.2,99,1175.89, 728.21, 947.92, 600.69, 892.95, 0.017, 0.006, 0.002, 0.013, 0.013,1.6147,0.7682,1.5783,0.6727,0.170,0.183,0.122,0.139,0.225,Na  
31487,02/28/2013,16:38:23,-39.421, -71.941, 2830,  723,32.07,1.179,0.983,  4.1,99,1207.36, 739.96, 954.57, 601.52, 893.61, 0.007, 0.010, 0.003, 0.005, 0.006,1.6318,0.7752,1.5869,0.6731,0.147,0.170,0.116,0.138,0.225,Na  
31487,02/28/2013,16:38:38,-39.421, -71.941, 2830,  723,32.06,1.179,0.983,  4.1,99,1220.06, 743.14, 952.29, 592.88, 883.53, 0.010, 0.004, 0.002, 0.006, 0.006,1.6417,0.7804,1.6063,0.6710,0.139,0.166,0.118,0.150,0.234,Na  
31487,02/28/2013,16:38:53,-39.421, -71.941, 2830,  723,32.05,1.179,0.983,  4.0,99,1177.81, 719.65, 934.22, 582.26, 866.38, 0.018, 0.013, 0.007, 0.006, 0.007,1.6366,0.7703,1.6045,0.6721,0.169,0.194,0.134,0.165,0.251,Na  
31487,02/28/2013,16:39:09,-39.421, -71.941, 2830,  723,32.04,1.179,0.983,  3.9,99, 895.84, 580.73, 841.50, 542.89, 823.63, 0.098, 0.087, 0.051, 0.028, 0.024,1.5441,0.6891,1.5493,0.6593,0.401,0.376,0.223,0.225,0.294,Na  
31487,02/28/2013,16:39:24,-39.421, -71.941, 2830,  723,32.03,1.179,0.983,  3.8,99,1210.64, 743.35, 950.26, 599.50, 893.69, 0.010, 0.012, 0.011, 0.020, 0.018,1.6287,0.7824,1.5858,0.6708,0.145,0.166,0.120,0.141,0.225,Na  
31487,02/28/2013,16:39:38,-39.421, -71.941, 2830,  723,32.03,1.179,0.983,  3.8,99,1202.53, 732.25, 942.69, 587.93, 876.92, 0.005, 0.005, 0.008, 0.005, 0.007,1.6423,0.7768,1.6034,0.6705,0.151,0.179,0.127,0.157,0.241,Na  
31487,02/28/2013,16:39:53,-39.421, -71.941, 2830,  723,32.02,1.179,0.983,  3.7,99, 769.73, 491.59, 703.72, 450.12, 697.32, 0.195, 0.184, 0.123, 0.106, 0.098,1.5629,0.6954,1.5668,0.6456,0.530,0.517,0.375,0.384,0.435,Na  
31487,02/28/2013,16:40:09,-39.421, -71.941, 2830,  723,32.01,1.179,0.983,  3.6,99,1173.78, 711.47, 919.56, 568.51, 844.58, 0.018, 0.011, 0.005, 0.005, 0.005,1.6497,0.7737,1.6175,0.6731,0.172,0.203,0.148,0.186,0.273,Na  
31487,02/28/2013,16:40:24,-39.421, -71.941, 2830,  723,32.00,1.178,0.983,  3.5,99,1222.78, 756.28, 967.55, 617.50, 915.72, 0.004, 0.002, 0.002, 0.002, 0.002,1.6168,0.7816,1.5669,0.6743,0.137,0.152,0.105,0.116,0.204,Na  
31487,02/28/2013,16:40:39,-39.421, -71.941, 2830,  723,31.99,1.178,0.983,  3.4,99,1226.20, 758.58, 971.94, 618.51, 917.40, 0.003, 0.002, 0.001, 0.001, 0.001,1.6164,0.7805,1.5714,0.6742,0.135,0.149,0.101,0.114,0.202,Na  
31487,02/28/2013,16:40:53,-39.421, -71.941, 2830,  723,31.99,1.178,0.983,  3.3,99,1232.74, 761.46, 973.69, 617.35, 916.64, 0.001, 0.001, 0.001, 0.001, 0.001,1.6189,0.7820,1.5772,0.6735,0.130,0.146,0.099,0.116,0.203,Na  
31487,02/28/2013,16:41:09,-39.421, -71.941, 2830,  723,31.98,1.178,0.983,  3.2,99,1231.86, 759.48, 970.53, 614.30, 911.97, 0.005, 0.003, 0.001, 0.001, 0.001,1.6220,0.7825,1.5799,0.6736,0.131,0.148,0.102,0.120,0.208,Na  
31487,02/28/2013,16:41:23,-39.421, -71.941, 2830,  723,31.97,1.178,0.983,  3.2,99,1222.31, 753.17, 963.16, 607.94, 900.93, 0.002, 0.002, 0.001, 0.002, 0.001,1.6229,0.7820,1.5843,0.6748,0.137,0.155,0.109,0.129,0.218,Na  
31487,02/28/2013,16:41:38,-39.421, -71.941, 2830,  723,31.96,1.178,0.983,  3.1,99, 475.99, 280.80, 327.49, 188.78, 259.59, 0.444, 0.406, 0.418, 0.437, 0.449,1.6802,0.8605,1.7429,0.7297,0.938,0.993,1.025,1.122,1.274,Na  
31487,02/28/2013,16:41:52,-39.421, -71.941, 2830,  723,31.96,1.178,0.983,  3.0,99, 611.45, 373.61, 460.57, 267.20, 369.37, 0.302, 0.322, 0.381, 0.429, 0.458,1.6781,0.8516,1.8118,0.7523,0.726,0.750,0.735,0.827,0.975,Na  
31487,02/28/2013,16:42:09,-39.421, -71.941, 2830,  723,31.95,1.178,0.983,  3.0,99, 140.38,  90.50, 172.07, 139.67, 226.13, 0.595, 0.526, 0.400, 0.378, 0.385,1.5206,0.5096,1.2367,0.6296,1.975,1.954,1.571,1.378,1.392,Na  
31487,02/28/2013,16:42:24,-39.421, -71.941, 2830,  723,31.94,1.178,0.983,  2.9,99,  12.01,   7.33,  15.73,  16.50,  34.28, 0.246, 0.233, 0.352, 0.498, 0.711,1.6418,0.4986,1.0354,0.5313,4.063,4.088,3.603,3.192,2.994,Na  
31487,02/28/2013,16:42:38,-39.421, -71.941, 2830,  723,31.94,1.178,0.983,  2.9,99,1087.70, 653.26, 837.35, 519.21, 760.38, 0.022, 0.014, 0.015, 0.008, 0.015,1.6650,0.7803,1.6128,0.6829,0.237,0.276,0.228,0.263,0.362,Na  
31487,02/28/2013,16:42:53,-39.421, -71.941, 2830,  723,31.93,1.177,0.983,  2.9,99, 135.45,  75.15,  96.58,  59.41,  79.59, 0.588, 0.377, 0.341, 0.329, 0.298,1.7188,0.7799,1.6386,0.7535,2.006,2.113,2.062,2.104,2.279,Na  
31487,02/28/2013,16:43:09,-39.421, -71.941, 2830,  723,31.92,1.177,0.983,  2.8,99,  85.51,  46.49,  52.28,  32.76,  47.61, 0.331, 0.356, 0.382, 0.351, 0.373,1.8515,0.8997,1.5904,0.6986,2.397,2.521,2.583,2.610,2.715,Na  
31487,02/28/2013,16:43:24,-39.421, -71.941, 2830,  723,31.91,1.177,0.983,  2.8,99, 124.63,  72.27, 116.59, 110.86, 222.29, 0.278, 0.233, 0.229, 0.255, 0.198,1.7130,0.6211,1.0627,0.4950,2.077,2.146,1.902,1.575,1.407,Na  
31487,02/28/2013,16:43:38,-39.421, -71.941, 2830,  723,31.91,1.177,0.983,  2.8,99, 107.92,  65.79, 123.55, 116.01, 214.77, 0.160, 0.316, 0.387, 0.244, 0.193,1.7321,0.5438,1.0455,0.5401,2.200,2.226,1.853,1.536,1.436,Na  
31487,02/28/2013,16:43:53,-39.421, -71.941, 2830,  723,31.90,1.177,0.983,  2.8,99, 609.21, 400.65, 608.73, 408.19, 627.62, 0.222, 0.179, 0.130, 0.101, 0.099,1.5114,0.6555,1.4903,0.6513,0.729,0.692,0.499,0.467,0.525,Na  
31487,02/28/2013,16:44:09,-39.421, -71.941, 2830,  723,31.89,1.177,0.983,  2.8,99,1024.87, 617.94, 814.33, 501.72, 739.54, 0.011, 0.006, 0.002, 0.003, 0.004,1.6585,0.7588,1.6231,0.6784,0.288,0.324,0.251,0.292,0.386,Na  
31487,02/28/2013,16:44:24,-39.421, -71.941, 2830,  723,31.89,1.177,0.983,  2.8,99, 970.61, 589.52, 787.31, 484.73, 714.70, 0.027, 0.061, 0.056, 0.059, 0.064,1.6492,0.7486,1.6244,0.6784,0.334,0.364,0.280,0.322,0.415,Na  
31487,02/28/2013,16:44:39,-39.421, -71.941, 2830,  723,31.88,1.177,0.983,  2.8,99,1182.26, 716.96, 931.35, 576.62, 858.61, 0.011, 0.007, 0.002, 0.002, 0.001,1.6490,0.7698,1.6152,0.6716,0.166,0.197,0.137,0.174,0.259,Na  
31487,02/28/2013,16:44:53,-39.421, -71.941, 2830,  723,31.88,1.177,0.983,  2.8,99,1175.11, 710.45, 925.15, 570.74, 849.26, 0.011, 0.008, 0.004, 0.002, 0.002,1.6540,0.7679,1.6210,0.6720,0.171,0.205,0.143,0.183,0.268,Na  
31487,02/28/2013,16:45:09,-39.421, -71.941, 2830,  723,31.87,1.177,0.983,  2.8,99,1165.94, 700.46, 910.53, 559.84, 830.77, 0.004, 0.003, 0.002, 0.003, 0.003,1.6645,0.7693,1.6264,0.6739,0.178,0.217,0.157,0.199,0.287,Na  
31487,02/28/2013,16:45:23,-39.421, -71.941, 2830,  723,31.86,1.177,0.983,  2.7,99,1201.81, 739.88, 950.03, 598.50, 887.37, 0.022, 0.014, 0.015, 0.023, 0.023,1.6247,0.7788,1.5880,0.6745,0.152,0.171,0.121,0.142,0.231,Na  
31487,02/28/2013,16:45:38,-39.421, -71.941, 2830,  723,31.86,1.177,0.983,  2.7,99,1218.37, 739.35, 947.92, 588.85, 876.57, 0.002, 0.001, 0.001, 0.001, 0.001,1.6479,0.7800,1.6098,0.6718,0.141,0.171,0.122,0.156,0.241,Na  
31487,02/28/2013,16:45:52,-39.421, -71.941, 2830,  723,31.85,1.177,0.983,  2.7,99,1211.66, 734.43, 944.40, 585.34, 872.46, 0.005, 0.004, 0.001, 0.002, 0.001,1.6498,0.7777,1.6134,0.6709,0.146,0.177,0.126,0.161,0.245,Na  
31487,02/28/2013,16:46:09,-39.421, -71.941, 2830,  723,31.85,1.176,0.983,  2.7,99,1209.12, 729.66, 937.77, 579.43, 862.70, 0.003, 0.002, 0.001, 0.001, 0.001,1.6571,0.7781,1.6184,0.6716,0.147,0.183,0.132,0.170,0.255,Na  
31487,02/28/2013,16:46:24,-39.421, -71.941, 2830,  723,31.84,1.176,0.983,  2.6,99,1172.85, 709.15, 921.79, 568.57, 845.15, 0.007, 0.005, 0.002, 0.002, 0.002,1.6539,0.7693,1.6212,0.6727,0.173,0.207,0.146,0.186,0.273,Na  
31487,02/28/2013,16:46:38,-39.421, -71.941, 2830,  723,31.84,1.176,0.983,  2.6,99,1235.01, 757.14, 963.28, 611.53, 906.24, 0.003, 0.005, 0.002, 0.015, 0.012,1.6312,0.7860,1.5755,0.6748,0.129,0.151,0.109,0.124,0.213,Na  
31487,02/28/2013,16:46:53,-39.421, -71.941, 2830,  723,31.83,1.176,0.983,  2.5,99,1224.32, 748.80, 960.06, 602.10, 895.24, 0.003, 0.002, 0.001, 0.001, 0.001,1.6350,0.7800,1.5945,0.6726,0.137,0.161,0.112,0.137,0.224,Na  
31487,02/28/2013,16:47:09,-39.421, -71.941, 2830,  723,31.83,1.176,0.983,  2.5,99,1214.60, 741.32, 954.30, 597.06, 886.86, 0.008, 0.003, 0.001, 0.002, 0.002,1.6384,0.7768,1.5983,0.6732,0.144,0.169,0.117,0.145,0.232,Na  
31487,02/28/2013,16:47:24,-39.421, -71.941, 2830,  723,31.82,1.176,0.983,  2.4,99,1219.44, 739.77, 947.04, 590.07, 874.37, 0.005, 0.003, 0.001, 0.001, 0.002,1.6484,0.7811,1.6050,0.6748,0.140,0.171,0.123,0.155,0.244,Na  
31487,02/28/2013,16:47:38,-39.421, -71.941, 2830,  723,31.82,1.176,0.983,  2.4,99,1122.95, 716.01, 949.70, 616.85, 914.53, 0.023, 0.012, 0.010, 0.013, 0.009,1.5682,0.7539,1.5398,0.6745,0.210,0.199,0.121,0.117,0.206,Na  
31487,02/28/2013,16:47:53,-39.421, -71.941, 2830,  723,31.81,1.176,0.983,  2.3,99,1151.74, 728.70, 961.71, 620.96, 919.72, 0.005, 0.003, 0.002, 0.002, 0.001,1.5805,0.7577,1.5487,0.6752,0.189,0.184,0.110,0.111,0.201,Na  
31487,02/28/2013,16:48:10,-39.421, -71.941, 2830,  723,31.81,1.176,0.983,  2.3,99,1124.11, 715.68, 954.69, 618.15, 918.44, 0.021, 0.014, 0.005, 0.005, 0.002,1.5706,0.7496,1.5444,0.6730,0.210,0.199,0.116,0.115,0.202,Na  
31487,02/28/2013,16:48:24,-39.421, -71.941, 2830,  723,31.80,1.176,0.983,  2.2,99,1164.52, 733.12, 963.20, 619.80, 918.92, 0.014, 0.010, 0.004, 0.001, 0.001,1.5884,0.7611,1.5540,0.6745,0.180,0.179,0.109,0.113,0.201,Na  
31487,02/28/2013,16:48:39,-39.421, -71.941, 2830,  723,31.80,1.176,0.983,  2.2,99,1187.53, 742.25, 964.06, 617.11, 912.95, 0.008, 0.004, 0.001, 0.002, 0.001,1.5999,0.7699,1.5622,0.6760,0.163,0.168,0.108,0.116,0.207,Na  
31487,02/28/2013,16:48:53,-39.421, -71.941, 2830,  723,31.79,1.176,0.983,  2.1,99,1057.64, 683.17, 932.05, 599.55, 887.00, 0.030, 0.018, 0.008, 0.015, 0.020,1.5480,0.7329,1.5548,0.6760,0.261,0.239,0.137,0.141,0.232,Na  
31487,02/28/2013,16:49:09,-39.421, -71.941, 2830,  723,31.79,1.176,0.983,  2.1,99,1128.16, 712.32, 936.54, 599.38, 885.57, 0.031, 0.022, 0.011, 0.007, 0.006,1.5836,0.7605,1.5625,0.6768,0.207,0.203,0.133,0.141,0.233,Na  
31487,02/28/2013,16:49:23,-39.421, -71.941, 2830,  723,31.78,1.176,0.983,  2.0,99,1104.46, 693.47, 927.02, 594.06, 880.36, 0.013, 0.015, 0.007, 0.006, 0.009,1.5928,0.7480,1.5605,0.6748,0.225,0.226,0.142,0.149,0.238,Na  
31487,02/28/2013,16:49:38,-39.421, -71.941, 2830,  723,31.78,1.176,0.983,  2.0,99, 818.08, 549.90, 835.41, 554.17, 829.72, 0.127, 0.076, 0.032, 0.028, 0.020,1.4836,0.6576,1.5075,0.6678,0.480,0.423,0.230,0.208,0.288,Na  
31487,02/28/2013,16:49:52,-39.421, -71.941, 2830,  723,31.78,1.176,0.983,  2.0,99,1069.07, 670.11, 896.78, 570.56, 841.27, 0.039, 0.028, 0.013, 0.010, 0.011,1.5951,0.7471,1.5717,0.6782,0.252,0.255,0.170,0.183,0.277,Na  
31487,02/28/2013,16:50:09,-39.421, -71.941, 2830,  723,31.77,1.175,0.983,  1.9,99, 903.84, 589.48, 837.37, 553.02, 836.82, 0.121, 0.061, 0.048, 0.043, 0.057,1.5329,0.7041,1.5146,0.6617,0.395,0.364,0.228,0.210,0.281,Na  
31487,02/28/2013,16:50:24,-39.421, -71.941, 2830,  723,31.77,1.175,0.983,  1.9,99,1179.41, 731.60, 952.26, 601.20, 890.19, 0.007, 0.004, 0.004, 0.002, 0.003,1.6121,0.7683,1.5839,0.6754,0.169,0.181,0.119,0.139,0.229,Na  
31487,02/28/2013,16:50:38,-39.421, -71.941, 2830,  723,31.76,1.175,0.983,  1.9,99,1089.00, 680.90, 914.17, 577.54, 860.34, 0.021, 0.019, 0.016, 0.015, 0.013,1.5993,0.7448,1.5829,0.6713,0.237,0.242,0.153,0.173,0.258,Na  
31487,02/28/2013,16:50:53,-39.421, -71.941, 2830,  723,31.76,1.175,0.983,  1.9,99, 407.41, 308.88, 622.59, 456.66, 720.23, 0.185, 0.154, 0.080, 0.059, 0.050,1.3144,0.4940,1.3622,0.6339,1.073,0.914,0.480,0.373,0.409,Na  
31487,02/28/2013,16:51:09,-39.421, -71.941, 2830,  723,31.76,1.175,0.983,  1.8,99,   7.56,   5.25,  25.03,  43.47, 115.22, 0.577, 0.408, 0.196, 0.185, 0.161,1.3708,0.2090,0.5806,0.3765,4.466,4.381,3.215,2.374,1.968,Na  
31487,02/28/2013,16:51:24,-39.421, -71.941, 2830,  723,31.75,1.175,0.983,  1.8,99, 822.52, 510.17, 737.62, 481.79, 728.71, 0.119, 0.116, 0.076, 0.053, 0.053,1.6153,0.6908,1.5309,0.6618,0.476,0.487,0.336,0.327,0.399,Na  
31487,02/28/2013,16:51:38,-39.421, -71.941, 2830,  723,31.75,1.175,0.983,  1.8,99,1088.29, 653.34, 853.86, 527.92, 776.26, 0.010, 0.010, 0.006, 0.006, 0.007,1.6658,0.7652,1.6174,0.6801,0.237,0.277,0.212,0.249,0.345,Na  
31487,02/28/2013,16:51:53,-39.421, -71.941, 2830,  723,31.75,1.175,0.983,  1.8,99,1141.14, 704.68, 921.38, 578.87, 853.64, 0.028, 0.025, 0.023, 0.047, 0.041,1.6203,0.7648,1.5936,0.6780,0.197,0.213,0.147,0.171,0.264,Na  
31487,02/28/2013,16:52:10,-39.421, -71.941, 2830,  723,31.74,1.175,0.983,  1.8,99,1108.29, 710.95, 940.43, 612.99, 904.26, 0.014, 0.011, 0.004, 0.004, 0.003,1.5588,0.7560,1.5342,0.6779,0.222,0.205,0.129,0.122,0.215,Na  
31487,02/28/2013,16:52:24,-39.421, -71.941, 2830,  723,31.74,1.175,0.983,  1.8,99,1125.85, 714.95, 932.07, 604.47, 889.35, 0.013, 0.010, 0.005, 0.004, 0.004,1.5747,0.7671,1.5420,0.6797,0.209,0.200,0.137,0.134,0.229,Na  
31487,02/28/2013,16:52:39,-39.421, -71.941, 2830,  723,31.74,1.175,0.983,  1.7,99,  78.08,  72.14, 197.06, 187.97, 366.80, 0.975, 0.954, 0.696, 0.429, 0.280,1.1166,0.3265,0.9900,0.4957,2.480,2.152,1.459,1.128,0.983,Na  
31487,02/28/2013,16:52:53,-39.421, -71.941, 2830,  723,31.73,1.175,0.983,  1.7,99,1112.14, 697.25, 895.06, 576.20, 843.31, 0.009, 0.004, 0.004, 0.004, 0.004,1.5950,0.7790,1.5534,0.6833,0.219,0.222,0.171,0.175,0.275,Na  
31487,02/28/2013,16:53:10,-39.421, -71.941, 2830,  723,31.73,1.175,0.983,  1.7,99,1192.81, 749.30, 962.35, 630.57, 928.12, 0.005, 0.003, 0.001, 0.001, 0.001,1.5919,0.7786,1.5262,0.6794,0.159,0.160,0.110,0.098,0.193,Na  
31487,02/28/2013,16:53:24,-39.421, -71.941, 2830,  723,31.73,1.175,0.983,  1.7,99,1220.53, 760.96, 973.87, 635.18, 934.72, 0.004, 0.004, 0.001, 0.001, 0.001,1.6039,0.7814,1.5332,0.6795,0.140,0.147,0.100,0.092,0.187,Na  
31487,02/28/2013,16:53:39,-39.421, -71.941, 2830,  723,31.72,1.175,0.983,  1.7,99,1193.58, 751.11, 973.86, 634.84, 935.17, 0.006, 0.004, 0.001, 0.001, 0.001,1.5891,0.7713,1.5340,0.6788,0.159,0.158,0.100,0.092,0.187,Na  
31487,02/28/2013,16:53:54,-39.421, -71.941, 2830,  723,31.72,1.175,0.983,  1.7,99,1194.71, 751.76, 972.76, 633.10, 933.00, 0.009, 0.006, 0.002, 0.001, 0.001,1.5892,0.7728,1.5365,0.6786,0.158,0.158,0.101,0.095,0.189,Na  
31487,02/28/2013,16:54:09,-39.421, -71.941, 2830,  723,31.72,1.175,0.983,  1.7,99,1189.02, 750.37, 970.88, 630.21, 928.33, 0.004, 0.004, 0.001, 0.001, 0.001,1.5846,0.7729,1.5406,0.6789,0.162,0.159,0.102,0.099,0.193,Na  
31487,02/28/2013,16:54:24,-39.421, -71.941, 2830,  723,31.72,1.175,0.983,  1.6,99,1149.86, 711.66, 901.68, 581.00, 845.37, 0.039, 0.039, 0.044, 0.051, 0.059,1.6158,0.7896,1.5527,0.6878,0.191,0.204,0.165,0.168,0.273,Na  
31487,02/28/2013,16:54:38,-39.421, -71.941, 2830,  723,31.72,1.175,0.983,  1.6,99,1043.35, 648.47, 831.69, 539.07, 794.85, 0.122, 0.126, 0.125, 0.119, 0.105,1.6107,0.7799,1.5423,0.6774,0.274,0.284,0.234,0.232,0.325,Na  
31487,02/28/2013,16:54:53,-39.421, -71.941, 2830,  723,31.71,1.175,0.983,  1.6,99, 699.47, 460.12, 675.03, 468.89, 707.31, 0.279, 0.170, 0.083, 0.068, 0.054,1.4991,0.6833,1.4399,0.6632,0.614,0.576,0.412,0.350,0.424,Na  
31487,02/28/2013,16:55:09,-39.421, -71.941, 2830,  723,31.71,1.175,0.983,  1.5,99, 165.31, 124.17, 291.46, 258.68, 438.65, 0.238, 0.241, 0.229, 0.152, 0.119,1.3451,0.4279,1.1210,0.5887,1.842,1.691,1.127,0.857,0.831,Na  
31487,02/28/2013,16:55:24,-39.421, -71.941, 2830,  723,31.71,1.175,0.983,  1.5,99, 199.90, 139.06, 318.90, 289.35, 495.15, 0.313, 0.296, 0.164, 0.128, 0.117,1.4527,0.4349,1.1000,0.5843,1.680,1.594,1.050,0.761,0.728,Na  
31487,02/28/2013,16:55:38,-39.421, -71.941, 2830,  723,31.71,1.175,0.983,  1.5,99, 974.68, 617.66, 817.67, 530.32, 773.82, 0.036, 0.029, 0.021, 0.032, 0.048,1.5778,0.7555,1.5426,0.6859,0.332,0.325,0.249,0.246,0.348,Na  
31487,02/28/2013,16:55:53,-39.421, -71.941, 2830,  723,31.71,1.175,0.983,  1.5,99, 397.94, 271.37, 493.10, 371.33, 590.83, 0.191, 0.152, 0.059, 0.101, 0.155,1.4606,0.5518,1.3365,0.6352,1.094,1.025,0.679,0.549,0.578,Na  
31487,02/28/2013,16:56:10,-39.421, -71.941, 2830,  723,31.70,1.175,0.983,  1.5,99, 560.02, 368.82, 624.93, 444.17, 695.81, 0.214, 0.181, 0.125, 0.094, 0.074,1.5163,0.5871,1.4038,0.6380,0.803,0.764,0.477,0.397,0.438,Na  
31487,02/28/2013,16:56:24,-39.421, -71.941, 2830,  723,31.70,1.175,0.983,  1.5,99, 840.30, 545.54, 807.43, 533.35, 806.83, 0.166, 0.163, 0.094, 0.058, 0.041,1.5448,0.6728,1.5121,0.6610,0.458,0.431,0.259,0.241,0.312,Na  
31487,02/28/2013,16:56:39,-39.421, -71.941, 2830,  723,31.70,1.175,0.983,  1.4,99,1141.27, 699.84, 920.91, 573.64, 848.64, 0.028, 0.019, 0.005, 0.003, 0.001,1.6305,0.7599,1.6054,0.6759,0.197,0.219,0.147,0.179,0.269,Na  
31487,02/28/2013,16:56:53,-39.421, -71.941, 2830,  723,31.70,1.175,0.983,  1.4,99,1181.58, 711.33, 916.81, 567.67, 837.12, 0.005, 0.003, 0.001, 0.002, 0.002,1.6611,0.7759,1.6150,0.6781,0.168,0.205,0.151,0.188,0.281,Na  
31487,02/28/2013,16:57:10,-39.421, -71.941, 2830,  723,31.70,1.175,0.983,  1.4,99,1242.80, 753.62, 958.41, 600.61, 888.31, 0.004, 0.002, 0.001, 0.001, 0.001,1.6491,0.7863,1.5957,0.6761,0.125,0.156,0.113,0.140,0.231,Na  
31487,02/28/2013,16:57:24,-39.421, -71.941, 2830,  723,31.70,1.175,0.983,  1.4,99,1226.68, 747.75, 957.80, 599.73, 887.30, 0.004, 0.002, 0.001, 0.001, 0.001,1.6405,0.7807,1.5971,0.6759,0.136,0.162,0.114,0.141,0.232,Na  
31487,02/28/2013,16:57:39,-39.421, -71.941, 2830,  723,31.70,1.175,0.983,  1.4,99,1195.54, 734.62, 952.75, 597.79, 883.72, 0.005, 0.003, 0.001, 0.002, 0.001,1.6274,0.7711,1.5938,0.6764,0.158,0.177,0.118,0.144,0.235,Na  
31487,02/28/2013,16:57:54,-39.421, -71.941, 2830,  723,31.69,1.175,0.983,  1.3,99,1148.98, 713.24, 941.75, 592.54, 876.99, 0.005, 0.004, 0.001, 0.001, 0.001,1.6109,0.7574,1.5893,0.6757,0.192,0.203,0.128,0.151,0.241,Na  
31487,02/28/2013,16:58:09,-39.421, -71.941, 2830,  723,31.69,1.175,0.983,  1.3,99,1164.44, 713.75, 930.05, 579.45, 854.72, 0.033, 0.017, 0.006, 0.015, 0.023,1.6311,0.7675,1.6053,0.6781,0.180,0.202,0.139,0.170,0.263,Na  
31487,02/28/2013,16:58:24,-39.421, -71.941, 2830,  723,31.69,1.174,0.983,  1.3,99, 424.96, 273.16, 417.29, 275.92, 413.44, 0.351, 0.391, 0.488, 0.526, 0.512,1.5798,0.6884,1.5473,0.6765,1.038,1.020,0.821,0.802,0.882,Na  
31487,02/28/2013,16:58:38,-39.421, -71.941, 2830,  723,31.69,1.174,0.983,  1.3,99, 781.05, 520.67, 815.86, 526.36, 799.49, 0.123, 0.090, 0.041, 0.027, 0.018,1.4965,0.6373,1.5495,0.6583,0.520,0.471,0.250,0.252,0.320,Na  
31487,02/28/2013,16:58:53,-39.421, -71.941, 2830,  723,31.69,1.174,0.983,  1.2,99, 232.43, 151.58, 373.48, 314.81, 539.81, 0.769, 0.390, 0.187, 0.124, 0.083,1.4317,0.3959,1.1799,0.5817,1.552,1.521,0.916,0.690,0.655,Na  
31487,02/28/2013,16:59:09,-39.421, -71.941, 2830,  723,31.69,1.174,0.983,  1.2,99, 229.87, 177.36, 422.86, 342.64, 578.16, 0.293, 0.252, 0.181, 0.122, 0.096,1.2866,0.4151,1.2274,0.5916,1.562,1.387,0.810,0.618,0.596,Na  
31487,02/28/2013,16:59:24,-39.421, -71.941, 2830,  723,31.69,1.174,0.983,  1.2,99,1092.30, 655.41, 879.73, 539.64, 800.29, 0.025, 0.019, 0.007, 0.003, 0.003,1.6665,0.7450,1.6302,0.6743,0.235,0.275,0.186,0.231,0.319,Na  
31487,02/28/2013,16:59:39,-39.421, -71.941, 2830,  723,31.69,1.174,0.983,  1.2,99,1064.73, 630.39, 837.52, 517.79, 767.88, 0.152, 0.142, 0.098, 0.058, 0.051,1.6855,0.7490,1.6145,0.6741,0.256,0.308,0.228,0.266,0.355,Na  
31487,02/28/2013,16:59:53,-39.421, -71.941, 2830,  723,31.69,1.174,0.983,  1.1,99,1071.67, 628.73, 839.31, 507.26, 749.18, 0.046, 0.030, 0.008, 0.006, 0.006,1.7037,0.7490,1.6546,0.6771,0.251,0.310,0.226,0.284,0.376,Na  
31487,02/28/2013,17:00:10,-39.421, -71.941, 2830,  723,31.71,1.175,0.983,  1.1,99,1028.57, 563.21, 754.17, 439.75, 647.08, 0.016, 0.012, 0.005, 0.004, 0.005,1.8263,0.7468,1.7150,0.6796,0.286,0.404,0.317,0.405,0.500,Na  
END.
