 5 7 1.45 0.00 0.08 4.00
 0.3800 0.4400 0.6750 0.8700 1.0200

 2.33 0 0
  0, 25/02/2012 19:43:29, 19:43:29, -23.318000,  -67.769000, 4061
Background Lascar 25Feb2012
 0.1090 0.0838 0.0675 0.0561 0.0940
 0.0075 0.0032 0.0039 0.0043 0.0035

 1.60 0 0
  1, 25/02/2012 15:38:06, 15:38:06, -23.318000,  -67.769000, 4053
Group 1 Lascar 25022012, Heavy Plume
 0.2709 0.3301 0.3793 0.4101 0.4301
 0.0433 0.0418 0.0469 0.0493 0.0527

 1.05 0 0
  2, 25/02/2012 15:42:32, 15:42:32, -23.318000,  -67.769000, 3871
Group 2 Lascar 25022012, Low Plume
 0.0393 0.0971 0.1359 0.1574 0.1680
 0.0385 0.0371 0.0399 0.0411 0.0430

 1.33 0 0
  3, 25/02/2012 15:47:09, 15:47:09, -23.318000,  -67.769000, 4049
Group 3 Lascar 25022012, Med Plume
 0.1015 0.1578 0.2034 0.2254 0.2380
 0.0471 0.0456 0.0455 0.0454 0.0465
