

------------------------------------------------------------------------
 DATE:  FEB 26,  131
   0, 26/02/13 14:31:47, 14:31:47, -39.421000,  -71.941000, 2830                 
 Background Villarrica-13                                                        
------------------------------------------------------------------------

========================================
  NU star= 0.64  Rmin=0.08 Rmax=4.00
========================================

  IT     G(Rel)        Gamma       Itest   Icnt  Neg  IN      Q1 (Q1est)      Eps Sq
----------------------------------------------------------------------------------------
  1     0.00E+00     0.00E+00     0 ( 0)     0    3    0    3.77E+02 ( 5)    5.25E-03
  1     1.00E-03     1.97E-16     0 ( 0)     0    4    5    1.85E-05 ( 5)    2.45E-10
  1     2.00E-03     3.95E-16     0 ( 0)     0    4    5    7.36E-05 ( 5)    9.77E-10
  1     4.00E-03     7.89E-16     0 ( 0)     0    5    5    2.92E-04 ( 5)    3.88E-09
  1     8.00E-03     1.58E-15     0 ( 0)     0    5    5    1.15E-03 ( 5)    1.53E-08
  1     1.60E-02     3.16E-15     0 ( 0)     0    5    5    4.45E-03 ( 5)    5.91E-08
  1     3.20E-02     6.31E-15     0 ( 0)     0    5    5    1.67E-02 ( 5)    2.23E-07
  1     6.40E-02     1.26E-14     0 ( 0)     0    5    5    5.95E-02 ( 5)    7.94E-07
  1     1.28E-01     2.53E-14     0 ( 0)     0    5    5    1.92E-01 ( 5)    2.59E-06
  1     2.56E-01     5.05E-14     0 ( 0)     0    5    5    5.39E-01 ( 5)    7.36E-06
  1     5.12E-01     1.01E-13     0 ( 0)     0    5    5    1.27E+00 ( 5)    1.80E-05
  1     1.02E+00     2.02E-13     0 ( 0)     0    5    4    2.62E+00 ( 5)    3.96E-05
  1     2.05E+00     4.04E-13     0 ( 0)     0    4    2    5.02E+00 ( 5)    8.34E-05
  1     4.10E+00     8.08E-13     0 ( 0)     0    3    0    9.18E+00 ( 5)    1.67E-04
----------------------------------------------------------------------------------------
  1     0.00E+00     0.00E+00     0 ( 0)     1    2    1    1.30E+02 ( 5)    2.68E-03
  1     1.00E-03     1.05E-07     0 ( 0)     1    7    5    1.78E-08 ( 5)    2.60E-13
  1     2.00E-03     2.10E-07     0 ( 0)     1    7    5    7.10E-08 ( 5)    1.04E-12
  1     4.00E-03     4.20E-07     0 ( 0)     1    7    5    2.84E-07 ( 5)    4.19E-12
  1     8.00E-03     8.41E-07     0 ( 0)     1    7    5    1.14E-06 ( 5)    1.67E-11
  1     1.60E-02     1.68E-06     0 ( 0)     1    7    5    4.54E-06 ( 5)    6.69E-11
  1     3.20E-02     3.36E-06     0 ( 0)     1    7    5    1.81E-05 ( 5)    2.67E-10
  1     6.40E-02     6.73E-06     0 ( 0)     1    7    5    7.23E-05 ( 5)    1.07E-09
  1     1.28E-01     1.35E-05     0 ( 0)     1    7    5    2.87E-04 ( 5)    4.24E-09
  1     2.56E-01     2.69E-05     0 ( 0)     1    7    5    1.14E-03 ( 5)    1.68E-08
  1     5.12E-01     5.38E-05     0 ( 0)     1    7    5    4.44E-03 ( 5)    6.55E-08
  1     1.02E+00     1.08E-04     0 ( 0)     1    7    5    1.70E-02 ( 5)    2.50E-07
  1     2.05E+00     2.15E-04     0 ( 0)     1    7    5    6.21E-02 ( 5)    9.15E-07
  1     4.10E+00     4.30E-04     0 ( 0)     1    7    5    2.10E-01 ( 5)    3.10E-06

========================================
  NU star= 1.14  Rmin=0.08 Rmax=4.00
========================================

  IT     G(Rel)        Gamma       Itest   Icnt  Neg  IN      Q1 (Q1est)      Eps Sq
----------------------------------------------------------------------------------------
  1     0.00E+00     0.00E+00     0 ( 0)     0    3    1    5.64E+04 ( 5)    3.73E-01
  1     1.00E-03     1.70E-15     0 ( 0)     0    3    5    4.12E-04 ( 5)    6.39E-09
  1     2.00E-03     3.39E-15     0 ( 0)     0    3    5    1.63E-03 ( 5)    2.53E-08
  1     4.00E-03     6.78E-15     0 ( 0)     0    3    5    6.38E-03 ( 5)    9.92E-08
  1     8.00E-03     1.36E-14     0 ( 0)     0    3    5    2.44E-02 ( 5)    3.81E-07
  1     1.60E-02     2.71E-14     0 ( 0)     0    3    5    8.97E-02 ( 5)    1.41E-06
  1     3.20E-02     5.43E-14     0 ( 0)     0    3    5    3.07E-01 ( 5)    4.92E-06
  1     6.40E-02     1.09E-13     0 ( 0)     0    3    5    9.40E-01 ( 5)    1.55E-05
  1     1.28E-01     2.17E-13     0 ( 0)     0    2    5    2.47E+00 ( 5)    4.28E-05
  1     2.56E-01     4.34E-13     0 ( 0)     0    2    2    5.54E+00 ( 5)    1.03E-04
  1     5.12E-01     8.68E-13     0 ( 0)     0    3    2    1.08E+01 ( 5)    2.15E-04
  1     1.02E+00     1.74E-12     0 ( 0)     0    4    3    1.87E+01 ( 5)    3.89E-04
  1     2.05E+00     3.47E-12     0 ( 0)     0    4    3    2.78E+01 ( 5)    5.97E-04
  1     4.10E+00     6.95E-12     0 ( 0)     0    4    2    3.60E+01 ( 5)    7.83E-04
----------------------------------------------------------------------------------------
  1     0.00E+00     0.00E+00     0 ( 0)     1    5    0    4.13E+03 ( 5)    3.88E-02
  1     1.00E-03     3.91E-07     0 ( 0)     1    5    5    4.57E-08 ( 5)    6.54E-13
  1     2.00E-03     7.82E-07     0 ( 0)     1    5    5    1.83E-07 ( 5)    2.61E-12
  1     4.00E-03     1.56E-06     0 ( 0)     1    5    5    7.30E-07 ( 5)    1.05E-11
  1     8.00E-03     3.13E-06     0 ( 0)     1    5    5    2.92E-06 ( 5)    4.18E-11
  1     1.60E-02     6.26E-06     0 ( 0)     1    5    5    1.17E-05 ( 5)    1.67E-10
  1     3.20E-02     1.25E-05     0 ( 0)     1    5    5    4.65E-05 ( 5)    6.65E-10
  1     6.40E-02     2.50E-05     0 ( 0)     1    5    5    1.85E-04 ( 5)    2.64E-09
  1     1.28E-01     5.00E-05     0 ( 0)     1    5    5    7.29E-04 ( 5)    1.04E-08
  1     2.56E-01     1.00E-04     0 ( 0)     1    5    5    2.84E-03 ( 5)    4.07E-08
  1     5.12E-01     2.00E-04     0 ( 0)     1    5    5    1.08E-02 ( 5)    1.55E-07
  1     1.02E+00     4.00E-04     0 ( 0)     1    5    5    3.92E-02 ( 5)    5.61E-07
  1     2.05E+00     8.01E-04     0 ( 0)     1    5    5    1.31E-01 ( 5)    1.87E-06
  1     4.10E+00     1.60E-03     0 ( 0)     1    5    5    3.79E-01 ( 5)    5.42E-06
----------------------------------------------------------------------------------------
  1     0.00E+00     0.00E+00     0 ( 0)     2    3    0    1.20E+04 ( 5)    8.25E-02
  1     1.00E-03     3.22E-01     0 ( 0)     2    2    5    4.53E-01 ( 5)    9.28E-06
  1     2.00E-03     6.45E-01     0 ( 0)     2    2    5    1.46E+00 ( 5)    2.99E-05
  1     4.00E-03     1.29E+00     0 ( 0)     2    1    3    4.04E+00 ( 5)    8.28E-05
  1     8.00E-03     2.58E+00     0 ( 0)     2    1    3    9.01E+00 ( 5)    1.85E-04
  1     1.60E-02     5.16E+00     0 ( 0)     2    1    2    1.59E+01 ( 5)    3.28E-04
  1     3.20E-02     1.03E+01     0 ( 0)     2    0    2    2.28E+01 ( 5)    4.74E-04
  1     6.40E-02     2.06E+01     1 ( 0)     2    0    2    2.84E+01 ( 5)    5.94E-04
  1     1.28E-01     4.13E+01     2 ( 0)     2    0    3    3.25E+01 ( 5)    6.91E-04
  1     2.56E-01     8.25E+01     3 ( 0)     2    1    3    3.61E+01 ( 5)    7.82E-04
  1     5.12E-01     1.65E+02     3 ( 0)     2    1    3    4.00E+01 ( 5)    8.79E-04
  1     1.02E+00     3.30E+02     3 ( 0)     2    2    3    4.38E+01 ( 5)    9.73E-04
  1     2.05E+00     6.60E+02     3 ( 0)     2    2    3    4.69E+01 ( 5)    1.05E-03
  1     4.10E+00     1.32E+03     3 ( 0)     2    2    2    4.89E+01 ( 5)    1.09E-03
  1     3.20E-02     1.03E+01   -10 ( 0)     2    0    2    2.28E+01 ( 5)    4.74E-04
----------------------------------------------------------------------------------------
  2     0.00E+00     0.00E+00     0 ( 0)     0    4    0    1.10E+04 ( 5)    9.59E-02
  2     1.00E-03     1.85E-04     0 ( 0)     0    4    5    2.75E-06 ( 5)    3.66E-11
  2     2.00E-03     3.70E-04     0 ( 0)     0    4    5    1.10E-05 ( 5)    1.46E-10
  2     4.00E-03     7.39E-04     0 ( 0)     0    4    5    4.38E-05 ( 5)    5.83E-10
  2     8.00E-03     1.48E-03     0 ( 0)     0    4    5    1.74E-04 ( 5)    2.32E-09
  2     1.60E-02     2.96E-03     0 ( 0)     0    4    5    6.88E-04 ( 5)    9.16E-09
  2     3.20E-02     5.92E-03     0 ( 0)     0    4    5    2.69E-03 ( 5)    3.58E-08
  2     6.40E-02     1.18E-02     0 ( 0)     0    3    5    1.03E-02 ( 5)    1.37E-07
  2     1.28E-01     2.37E-02     0 ( 0)     0    3    5    3.75E-02 ( 5)    5.02E-07
  2     2.56E-01     4.73E-02     0 ( 0)     0    3    5    1.27E-01 ( 5)    1.71E-06
  2     5.12E-01     9.47E-02     0 ( 0)     0    3    5    3.79E-01 ( 5)    5.14E-06
  2     1.02E+00     1.89E-01     0 ( 0)     0    1    5    9.43E-01 ( 5)    1.31E-05
  2     2.05E+00     3.79E-01     0 ( 0)     0    0    4    1.92E+00 ( 5)    2.77E-05
  2     4.10E+00     7.57E-01     1 ( 0)     0    0    4    3.36E+00 ( 5)    5.17E-05
  2     4.10E+00     7.57E-01   -10 ( 1)     0    0    4    3.36E+00 ( 5)    5.17E-05
