

----------------------------------------------------------------------
 DATE:  FEB 26,  131
   0, 26/02/13 14:31:47, 14:31:47, -39.421000,  -71.941000, 2830
 Background Villarrica-13
----------------------------------------------------------------------

 WAVELENGTH(MICRONS)          TAU(AEROSOLS)
 -------------------       ------------------
       0.3800              0.0326  +/- 0.0038
       0.4400              0.0395  +/- 0.0018
       0.6750              0.0422  +/- 0.0042
       0.8700              0.0382  +/- 0.0042
       1.0200              0.0861  +/- 0.0051

 SIGMA EPSILON SQUARED = 7.897E-05
 IN THE INVERSION WHICH FOLLOWS: INDEX OF REFRACTION =  1.45 - 0.00 I
                                 NWVL  =  5
                                 NRAD  =  7
                                 SNU   = 1.14

                                                                      RMAX
         NU
 RMIN   STAR        1.0              1.5              2.0              2.5              3.0              3.5              4.0
 ----   ----  ---------------  ---------------  ---------------  ---------------  ---------------  ---------------  ---------------
        0.64  0.000E+00 (0)    0.000E+00 (0)    0.000E+00 (0)    0.000E+00 (0)    0.000E+00 (0)    0.000E+00 (0)    1.404E-03 (1)  
 0.08   1.14  0.000E+00 (0)    0.000E+00 (0)    0.000E+00 (0)    0.000E+00 (0)    0.000E+00 (0)    0.000E+00 (0)    2.335E-01 (8)  
        1.64  0.000E+00 (0)    0.000E+00 (0)    0.000E+00 (0)    0.000E+00 (0)    0.000E+00 (0)    0.000E+00 (0)    0.000E+00 (0)  
        0.64  0.000E+00 (0)    0.000E+00 (0)    0.000E+00 (0)    0.000E+00 (0)    0.000E+00 (0)    0.000E+00 (0)    2.701E-03 (8)  
 0.10   1.14  0.000E+00 (0)    0.000E+00 (0)    3.345E-01 (8)    0.000E+00 (0)    0.000E+00 (0)    0.000E+00 (0)    0.000E+00 (0)  
        1.64  0.000E+00 (0)    0.000E+00 (0)    0.000E+00 (0)    0.000E+00 (0)    0.000E+00 (0)    2.752E+00 (8)    0.000E+00 (0)  
        0.64  0.000E+00 (0)    0.000E+00 (0)    4.793E-03 (8) 5  0.000E+00 (0)    0.000E+00 (0)    0.000E+00 (0)    0.000E+00 (0)  
 0.15   1.14  0.000E+00 (0)    0.000E+00 (0)    4.459E-04 (8) 5  0.000E+00 (0)    0.000E+00 (0)    0.000E+00 (0)    0.000E+00 (0)  
        1.64  0.000E+00 (0)    0.000E+00 (0)    6.642E-02 (8) 5  0.000E+00 (0)    1.680E-01 (8)    0.000E+00 (0)    0.000E+00 (0)  
        0.64  0.000E+00 (0)    0.000E+00 (0)    1.527E-02 (8) 5  0.000E+00 (0)    2.437E-01 (8)    0.000E+00 (0)    0.000E+00 (0)  
 0.20   1.14  0.000E+00 (0)    0.000E+00 (0)    5.596E-03 (8) 5  0.000E+00 (0)    7.782E-01 (8)    0.000E+00 (0)    0.000E+00 (0)  
        1.64  0.000E+00 (0)    0.000E+00 (0)    2.245E-02 (8) 5  0.000E+00 (0)    0.000E+00 (0)    0.000E+00 (0)    0.000E+00 (0)  
 ----   ----  ---------------  ---------------  ---------------  ---------------  ---------------  ---------------  ---------------


----------------------------------------------------------------------
 DATE:  FEB 26,  131
   1, 26/02/13 15:32:54, 15:32:54, -39.421000,  -71.941000, 2830
 Group 3
----------------------------------------------------------------------

 WAVELENGTH(MICRONS)          TAU(AEROSOLS)
 -------------------       ------------------
       0.3800              0.1807  +/- 0.1064
       0.4400              0.2855  +/- 0.1371
       0.6750              0.2503  +/- 0.1136
       0.8700              0.3203  +/- 0.1359
       1.0200              0.3134  +/- 0.1385

 SIGMA EPSILON SQUARED = 8.067E-02
 IN THE INVERSION WHICH FOLLOWS: INDEX OF REFRACTION =  1.45 - 0.00 I
                                 NWVL  =  5
                                 NRAD  =  7
                                 SNU   = 1.62

                                                                      RMAX
         NU
 RMIN   STAR        1.0              1.5              2.0              2.5              3.0              3.5              4.0
 ----   ----  ---------------  ---------------  ---------------  ---------------  ---------------  ---------------  ---------------
        1.12  0.000E+00 (0)    0.000E+00 (0)    0.000E+00 (0)    0.000E+00 (0)    3.310E-15 (8)    0.000E+00 (0)    0.000E+00 (0)  
 0.08   1.62  0.000E+00 (0)    0.000E+00 (0)    0.000E+00 (0)    0.000E+00 (0)    0.000E+00 (0)    0.000E+00 (0)    0.000E+00 (0)  
        2.12  0.000E+00 (0)    0.000E+00 (0)    0.000E+00 (0)    1.205E-14 (8)    0.000E+00 (0)    0.000E+00 (0)    0.000E+00 (0)  
        1.12  0.000E+00 (0)    0.000E+00 (0)    0.000E+00 (0)    0.000E+00 (0)    1.638E-01 (8) 5  0.000E+00 (0)    0.000E+00 (0)  
 0.10   1.62  0.000E+00 (0)    0.000E+00 (0)    0.000E+00 (0)    0.000E+00 (0)    1.930E-01 (8) 5  5.317E-06 (8)    0.000E+00 (0)  
        2.12  0.000E+00 (0)    0.000E+00 (0)    0.000E+00 (0)    0.000E+00 (0)    1.765E-01 (8) 5  9.639E-07 (8)    0.000E+00 (0)  
        1.12  0.000E+00 (0)    0.000E+00 (0)    0.000E+00 (0)    5.182E-02 (8)    5.619E-02 (8) 5  0.000E+00 (0)    0.000E+00 (0)  
 0.15   1.62  0.000E+00 (0)    0.000E+00 (0)    0.000E+00 (0)    8.995E-04 (8)    9.891E-02 (8) 5  0.000E+00 (0)    0.000E+00 (0)  
        2.12  0.000E+00 (0)    0.000E+00 (0)    0.000E+00 (0)    0.000E+00 (0)    9.411E-04 (8) 5  0.000E+00 (0)    6.771E-02 (8)  
        1.12  0.000E+00 (0)    6.153E-02 (8) 5  0.000E+00 (0)    1.202E-01 (8)    0.000E+00 (0)    0.000E+00 (0)    0.000E+00 (0)  
 0.20   1.62  0.000E+00 (0)    2.110E-04 (8) 5  0.000E+00 (0)    0.000E+00 (0)    0.000E+00 (0)    0.000E+00 (0)    9.181E-02 (8)  
        2.12  0.000E+00 (0)    3.920E-05 (8) 5  0.000E+00 (0)    5.310E-06 (8)    1.468E-01 (8)    0.000E+00 (0)    1.487E-01 (8)  
 ----   ----  ---------------  ---------------  ---------------  ---------------  ---------------  ---------------  ---------------
