---------------------------------------------------------------------
F:\MICROTOP\Villa-13\ForInv\26VMtps.csv
Background Villarrica-13
---------------------------------------------------------------------
 1  0.0408   0.0438   0.0523   0.0479   0.0972
 2  0.0293   0.0394   0.0398   0.0376   0.0845
 3  0.0313   0.0383   0.0399   0.0351   0.0822
 4  0.0356   0.0393   0.0443   0.0368   0.0848
 5  0.0331   0.0399   0.0427   0.0416   0.0920
 6  0.0313   0.0385   0.0393   0.0352   0.0819
 7  0.0288   0.0384   0.0386   0.0357   0.0831
 8  0.0300   0.0376   0.0405   0.0359   0.0846
 9  0.0335   0.0401   0.0428   0.0379   0.0849
---------------------------------------------------------------------
Ch  WVL     MEAN    STD     
            bgnd    bgnd    
 1  0.3800  0.0326  0.0038  
 2  0.4400  0.0395  0.0018  
 3  0.6750  0.0422  0.0042  
 4  0.8700  0.0382  0.0042  
 5  1.0200  0.0861  0.0051  
---------------------------------------------------------------------
Simultaneous equations :
 +1.7845   -2.3011   +7.6148
 -2.3011   +5.0000  -15.5358
     DET:         +3.6276E+00     +2.3250E+00     -1.0201E+01
SOLUTION:   alfa= +0.6409   beta= -2.8122
---------------------------------------------------------------------
Simultateous equations :
+2.2234E-03  +5.4078E-02  -1.1422E-04
-3.2486E-03  -1.8652E-01  -5.6227E-04
     DET:         -2.3903E-04     +5.1710E-05     -1.6212E-06  
SOLUTION: d.alfa= -0.6409 d.beta= +0.0601
---------------------------------------------------------------------
          Angstrom coefficients: alfa= -0.6409 beta= +0.0601
Corrected Angstrom coefficients: alfa= -0.8572 beta= +0.0669
---------------------------------------------------------------------
  T mean =  9.733
  P mean =  550.0
SZA mean = 63.734
AMF mean =  2.230
PWV mean =  0.000
---------------------------------------------------------------------
 5 7 1.4500 0.0000 0.0800 4.0000
 0.3800 0.4400 0.6750 0.8700 1.0200

 1.14 0 0
  0, 26/02/13 14:31:47, 14:31:47, -39.421000,  -71.941000, 2830
Background Villarrica-13
 0.0326 0.0395 0.0422 0.0382 0.0861
 0.0038 0.0018 0.0042 0.0042 0.0051
---------------------------------------------------------------------
F:\MICROTOP\Villa-13\ForInv\26VMtps.csv
Group 3
---------------------------------------------------------------------
 1  0.0631   0.1604   0.1613   0.2120   0.2515
 2  0.0652   0.1714   0.1729   0.2271   0.2673
 3  0.1031   0.2064   0.1943   0.2501   0.2917
 4  0.1162   0.2276   0.2144   0.2749   0.3181
 5  0.1574   0.2687   0.2443   0.3093   0.3556
 6  0.1445   0.2715   0.2580   0.3296   0.3783
 7  0.1747   0.3061   0.2871   0.3648   0.4151
 8  0.2066   0.3431   0.3184   0.4016   0.4531
 9  0.2430   0.3855   0.3531   0.4421   0.4935
10  0.2877   0.4366   0.3936   0.4883   0.5393
11  0.3398   0.4961   0.4385   0.5399   0.5885
12  0.4079   0.5835   0.5058   0.6176   0.6640
13  0.4551   0.6474   0.5496   0.6623   0.6998
14  0.1253   0.1598   0.1462   0.1740   0.2108
15  0.1518   0.1930   0.1725   0.2044   0.2392
16  0.1891   0.2363   0.2037   0.2405   0.2739
17  0.1766   0.2496   0.2295   0.2736   0.3061
18  0.2244   0.3037   0.2676   0.3143   0.3459
19  0.2398   0.3385   0.3023   0.3551   0.3872
20  0.2754   0.3888   0.3435   0.4004   0.4319
21  0.3323   0.4510   0.3863   0.4466   0.4784
---------------------------------------------------------------------
Ch  WVL     MEAN    STD     MEAN    STD     MEAN    STD
            bgnd    bgnd    meas    meas    aeros   aeors
 1  0.3800  0.0326  0.0038  0.2133  0.1064  0.1807  0.1102  
 2  0.4400  0.0395  0.0018  0.3250  0.1371  0.2855  0.1389  
 3  0.6750  0.0422  0.0042  0.2925  0.1136  0.2503  0.1178  
 4  0.8700  0.0382  0.0042  0.3585  0.1359  0.3203  0.1400  
 5  1.0200  0.0861  0.0051  0.3995  0.1385  0.3134  0.1436  
---------------------------------------------------------------------
Simultaneous equations :
 +1.7867   -2.3011   +3.3648
 -2.3011   +5.0000   -6.6487
     DET:         +3.6387E+00     +1.5247E+00     -4.1368E+00
SOLUTION:   alfa= +0.4190   beta= -1.1369
---------------------------------------------------------------------
Simultateous equations :
+9.0944E-02  +3.9434E-01  +2.4468E-03
-1.2651E-01  -1.1463E+00  -2.2409E-03
     DET:         -5.4358E-02     -1.9209E-03     +1.0574E-04  
SOLUTION: d.alfa= -0.4190 d.beta= +0.3208
---------------------------------------------------------------------
          Angstrom coefficients: alfa= -0.4190 beta= +0.3208
Corrected Angstrom coefficients: alfa= -0.3837 beta= +0.3189
---------------------------------------------------------------------
  T mean = 10.900
  P mean =  550.0
SZA mean = 65.344
AMF mean =  2.251
PWV mean =  0.000
---------------------------------------------------------------------
 5 7 1.4500 0.0000 0.0800 4.0000
 0.3800 0.4400 0.6750 0.8700 1.0200

 1.62 0 0
  1, 26/02/13 15:32:54, 15:32:54, -39.421000,  -71.941000, 2830
Group 3
 0.1807 0.2855 0.2503 0.3203 0.3134
 0.1064 0.1371 0.1136 0.1359 0.1385
